111 111 111 111 149 149 149 152 152 152 159 159 159 175 175 175 175 175 175 169 169 169 159 159 159 152 152 152 152 147 147 147 141 141 141 147 147 147 139 139 139 143 143 143 139 139 139 135 135 135 134 134 134 134 128 128 128 122 122 122 128 128 128 110 110 110 102 102 102 104 104 104 90 90 90 56 56 56 56 56 56 56 35 35 35 27 27 27 21 21 21 7 7 7 5 5 5 20 20 20 49 49 49 49 90 90 90 130 130 130 155 155 155 172 172 172 177 177 177 137 137 137 149 149 149 111 111 111  Number = 6

97 97 97 154 154 154 177 177 169 169 169 163 163 163 158 158 156 156 156 154 154 154 158 158 151 151 151 158 158 158 149 149 149 149 149 136 136 136 132 132 119 119 119 103 103 103 96 96 104 104 104 75 75 75 76 76 49 49 49 47 47 47 30 30 13 13 13 6 6 6 2 2 0 0 0 0 0 0 7 7 10 10 10 22 22 22 44 44 60 60 60 90 90 90 111 111 130 130 130 143 143 143 154 154 166 166 166 174 174 174 177 177 174 174 174 169 169 169 166 166 159 159 159 147 147 147 111 111  Number = 6

123 123 123 139 139 139 139 155 155 154 154 163 163 164 164 171 171 180 180 174 174 180 180 180 180 164 164 166 166 161 161 150 150 147 147 142 142 142 142 128 128 123 123 112 112 119 119 108 108 108 108 99 99 90 90 90 90 90 90 74 74 55 55 50 50 50 48 48 32 32 29 29 21 21 6 6 9 9 0 0 6 6 6 6 10 10 29 29 34 34 56 56 75 75 90 90 113 113 139 139 164 164 167 167 169 169 180 180 180 180 169 169 157 157 136 136 136 136 129 129 124 124 106 106 95 95 6 6  Number = 6

98 98 98 132 132 132 145 145 151 151 151 155 155 165 165 165 170 170 175 175 175 180 180 180 180 180 167 167 157 157 157 149 149 140 140 140 137 137 128 128 128 128 128 116 116 116 121 121 102 102 102 101 101 101 101 101 90 90 90 90 90 90 90 58 58 58 60 60 43 43 43 33 33 12 12 12 12 12 4 4 4 2 2 2 2 2 16 16 21 21 21 23 23 34 34 34 56 56 105 105 105 136 136 161 161 161 167 167 171 171 171 175 175 177 177 177 180 180 177 177 177 160 160 145 145 145 127 127  Number = 6

135 135 155 155 169 169 169 169 177 177 175 175 180 180 176 176 174 174 171 171 167 167 163 163 157 157 155 155 145 145 143 143 135 135 127 127 124 124 116 116 102 102 90 90 104 104 90 90 75 75 64 64 63 63 61 61 50 50 48 48 34 34 38 38 29 29 20 20 24 24 12 12 10 10 2 2 4 4 4 4 8 8 15 15 24 24 35 35 41 41 61 61 76 76 90 90 124 124 118 118 147 147 150 150 160 160 170 170 175 175 177 177 180 180 173 173 173 173 166 166 167 167 157 157 153 153 138 138  Number = 6

138 138 138 159 159 161 161 168 168 168 168 168 180 180 180 180 165 165 165 166 166 161 161 155 155 155 148 148 155 155 148 148 140 140 140 138 138 134 134 126 126 126 123 123 113 113 90 90 90 90 90 90 90 90 90 63 63 63 60 60 53 53 47 47 34 34 34 31 31 22 22 14 14 14 6 6 0 0 4 4 13 13 13 8 8 20 20 24 24 24 31 31 65 65 74 74 123 123 123 138 138 159 159 164 164 164 170 170 173 173 177 177 180 180 180 177 177 173 173 165 165 165 166 166 150 150 121 121  Number = 6

146 146 146 158 158 167 167 167 167 170 170 173 173 171 171 177 177 180 180 177 177 164 164 154 154 152 152 139 139 139 139 135 135 135 122 122 125 125 118 118 122 122 110 110 122 122 105 105 100 100 90 90 90 90 90 90 74 74 61 61 61 61 44 44 31 31 31 25 25 17 17 18 18 10 10 4 4 2 2 0 0 5 5 9 9 18 18 27 27 35 35 46 46 61 61 90 90 90 106 106 128 128 149 149 158 158 168 168 171 171 180 180 180 180 177 177 175 175 170 170 165 165 157 157 156 156 140 140  Number = 6

119 119 153 153 165 165 170 170 173 173 175 175 180 180 175 175 172 172 167 167 158 158 157 157 146 146 142 142 144 144 132 132 132 132 132 132 132 132 124 124 121 121 112 112 114 114 112 112 90 90 90 90 90 90 77 77 51 51 51 51 33 33 23 23 17 17 10 10 1 1 4 4 0 0 0 0 0 0 3 3 8 8 8 8 10 10 20 20 34 34 54 54 90 90 112 112 127 127 132 132 148 148 151 151 157 157 164 164 169 169 175 175 180 180 175 175 166 166 165 165 160 160 165 165 155 155 158 158  Number = 6

132 132 132 141 141 150 150 155 155 164 164 165 165 167 167 175 175 175 180 180 174 174 169 169 165 165 156 156 153 153 152 152 147 147 147 142 142 141 141 138 138 131 131 128 128 128 128 120 120 120 117 117 109 109 90 90 90 90 90 90 90 90 71 71 67 67 67 40 40 38 38 28 28 27 27 22 22 14 14 12 12 12 5 5 2 2 0 0 2 2 16 16 38 38 56 56 84 84 84 90 90 96 96 123 123 134 134 147 147 162 162 174 174 174 180 180 174 174 168 168 166 166 165 165 165 165 157 157  Number = 6

96 96 96 96 134 134 134 161 161 161 161 177 177 177 177 177 177 164 164 164 164 159 159 159 153 153 153 152 152 152 152 151 151 151 143 143 143 143 147 147 147 141 141 141 134 134 134 134 131 131 131 123 123 123 123 123 123 123 109 109 109 101 101 101 90 90 90 90 70 70 70 51 51 51 51 41 41 41 32 32 32 20 20 20 20 7 7 7 5 5 5 24 24 24 24 47 47 47 83 83 83 83 96 96 96 134 134 134 165 165 165 165 177 177 177 177 177 177 174 174 174 174 152 152 152 134 134 134  Number = 6

128 128 128 128 128 152 152 152 152 152 152 152 152 175 175 175 175 175 165 165 165 165 152 152 152 152 147 147 147 147 147 147 147 147 147 135 135 135 135 141 141 141 141 122 122 122 122 129 129 129 129 129 128 128 128 128 104 104 104 104 105 105 105 105 73 73 73 73 73 46 46 46 46 30 30 30 30 12 12 12 12 12 2 2 2 2 4 4 4 4 30 30 30 30 42 42 42 42 42 66 66 66 66 113 113 113 113 146 146 146 146 177 177 177 177 177 167 167 167 167 157 157 157 157 152 152 152 152  Number = 6

176 176 176 176 160 160 160 160 145 145 145 145 148 148 148 148 140 140 140 140 142 142 142 142 126 126 126 126 117 117 117 117 126 126 126 107 107 107 107 107 107 107 107 90 90 90 90 70 70 70 70 58 58 58 58 28 28 28 28 9 9 9 9 0 0 0 5 5 5 5 10 10 10 10 16 16 16 16 15 15 15 15 23 23 23 23 62 62 62 62 117 117 117 117 145 145 145 164 164 164 164 176 176 176 176 180 180 180 180 169 169 169 169 166 166 166 166 160 160 160 160 145 145 145 145 117 117 117  Number = 6

156 156 156 156 156 139 139 139 139 134 134 134 134 123 123 123 123 123 129 129 129 129 128 128 128 128 126 126 126 126 125 125 125 125 125 109 109 109 109 99 99 99 99 90 90 90 90 90 90 90 90 90 54 54 54 54 18 18 18 18 3 3 3 3 7 7 7 7 7 9 9 9 9 11 11 11 11 12 12 12 12 12 33 33 33 33 90 90 90 90 132 132 132 132 151 151 151 151 151 161 161 161 161 169 169 169 169 178 178 178 178 174 174 174 174 174 168 168 168 168 162 162 162 162 151 151 151 151  Number = 6

113 113 113 141 141 154 154 154 154 154 166 166 166 168 168 172 172 172 172 172 173 173 173 180 180 180 180 180 180 180 158 158 159 159 159 143 143 142 142 142 127 127 117 117 117 108 108 97 97 97 98 98 90 90 90 90 90 81 81 81 82 82 66 66 69 69 69 64 64 38 38 38 29 29 4 4 4 0 0 0 0 0 8 8 25 25 25 44 44 66 66 66 90 90 113 113 142 142 142 154 154 168 168 168 175 175 180 180 180 172 172 164 164 164 159 159 135 135 135 129 129 107 107 107 98 98 8 8  Number = 6

158 158 158 158 180 180 180 172 172 172 172 168 168 168 160 160 160 160 154 154 154 148 148 148 148 146 146 146 130 130 130 130 130 130 130 115 115 115 115 107 107 107 99 99 99 90 90 90 90 81 81 81 64 64 64 64 39 39 39 38 38 38 38 23 23 23 13 13 13 13 9 9 9 0 0 0 0 2 2 2 17 17 17 17 25 25 25 44 44 44 80 80 80 80 126 126 126 158 158 158 158 169 169 169 180 180 180 180 180 180 180 178 178 178 178 170 170 170 170 170 170 170 164 164 164 148 148 148  Number = 6

69 69 69 69 104 104 104 136 136 136 148 148 148 163 163 163 169 169 169 177 177 177 180 180 180 175 175 175 160 160 160 160 160 160 146 146 146 148 148 148 135 135 135 125 125 125 116 116 116 109 109 109 90 90 90 90 90 90 90 90 90 70 70 70 64 64 64 64 50 50 50 38 38 38 23 23 23 14 14 14 7 7 7 0 0 0 16 16 16 25 25 25 50 50 50 82 82 82 104 104 104 148 148 148 158 158 158 165 165 165 177 177 177 172 172 172 154 154 154 146 146 146 129 129 129 104 104 104  Number = 6

132 132 132 132 139 139 139 139 149 149 149 149 154 154 154 154 163 163 163 163 163 163 163 163 169 169 169 169 175 175 175 175 164 164 164 121 121 121 121 119 119 119 119 125 125 125 125 117 117 117 117 119 119 119 119 111 111 111 111 105 105 105 105 98 98 98 97 97 97 97 90 90 90 90 90 90 90 90 90 90 90 90 74 74 74 74 40 40 40 40 7 7 7 7 0 0 0 40 40 40 40 60 60 60 60 74 74 74 74 119 119 119 119 139 139 139 139 161 161 161 161 177 177 177 177 161 161 161  Number = 6

81 81 81 139 139 154 154 167 167 173 173 180 180 167 167 162 162 162 151 151 146 146 143 143 132 132 130 130 113 113 119 119 116 116 116 114 114 103 103 103 103 103 103 90 90 90 90 90 90 90 74 74 63 63 54 54 52 52 40 40 28 28 15 15 15 15 15 13 13 7 7 9 9 2 2 0 0 0 0 0 0 0 0 0 7 7 12 12 23 23 33 33 66 66 90 90 119 119 119 132 132 149 149 156 156 160 160 168 168 172 172 172 172 172 180 180 180 180 162 162 156 156 156 156 151 151 139 139  Number = 6

133 133 133 164 164 164 171 171 171 178 178 178 169 169 169 164 164 164 158 158 158 158 158 158 145 145 145 131 131 131 134 134 124 124 124 106 106 106 109 109 109 90 90 90 90 90 90 90 90 90 73 73 73 56 56 56 45 45 45 35 35 35 34 34 21 21 21 16 16 16 13 13 13 10 10 10 5 5 5 1 1 1 1 1 1 8 8 8 15 15 15 70 70 70 117 117 133 133 133 154 154 154 156 156 156 165 165 165 169 169 169 171 171 171 171 171 171 172 172 172 178 178 178 169 169 169 145 145  Number = 6

157 157 157 173 173 173 180 180 180 175 175 175 168 168 168 168 168 168 157 157 157 155 155 155 151 151 151 136 136 136 136 136 136 132 132 132 132 132 132 126 126 126 123 123 123 113 113 113 119 119 119 103 103 103 90 90 90 76 76 76 62 62 62 37 37 37 26 26 26 14 14 14 6 6 6 2 2 2 0 0 0 0 0 0 8 8 8 20 20 20 38 38 38 65 65 65 105 105 105 132 132 132 150 150 150 157 157 157 165 165 165 171 171 171 180 180 180 173 173 173 168 168 168 165 165 165 162 162  Number = 6

148 148 159 159 159 159 165 165 171 171 171 171 173 173 180 180 180 180 170 170 158 158 153 153 153 153 151 151 151 151 139 139 139 139 134 134 134 134 134 134 126 126 122 122 122 122 112 112 107 107 101 101 101 101 90 90 90 90 69 69 61 61 39 39 34 34 26 26 21 21 8 8 8 8 0 0 4 4 0 0 11 11 14 14 21 21 28 28 34 34 47 47 58 58 77 77 90 90 110 110 119 119 126 126 129 129 145 145 151 151 159 159 169 169 180 180 174 174 158 158 153 153 148 148 136 136 121 121  Number = 6

174 174 174 174 174 175 175 175 175 180 180 180 180 180 180 180 175 175 167 167 167 167 167 159 159 143 143 143 143 143 141 141 119 119 131 131 129 129 129 119 119 110 110 119 119 103 103 103 100 100 90 90 78 78 67 67 67 46 46 46 46 35 35 30 30 30 21 21 15 15 16 16 6 6 6 5 5 0 0 0 0 4 4 4 5 5 20 20 24 24 50 50 50 68 68 97 97 134 134 149 149 149 161 161 172 172 177 177 180 180 180 177 177 159 159 159 159 163 163 163 160 160 143 143 154 154 154 154  Number = 6

145 145 145 145 174 174 174 178 178 178 180 180 180 169 169 169 164 164 164 160 160 160 145 145 145 142 142 142 136 136 136 139 139 139 132 132 132 131 131 131 120 120 120 121 121 121 120 120 120 108 108 108 106 106 106 90 90 90 90 90 90 52 52 52 45 45 45 45 28 28 28 17 17 17 7 7 7 0 0 0 5 5 5 12 12 12 19 19 19 34 34 34 35 35 35 80 80 80 108 108 108 156 156 156 163 163 163 169 169 169 171 171 171 174 174 174 180 180 180 180 180 180 170 170 170 169 169 169  Number = 6

116 116 116 161 161 161 173 173 173 180 180 180 171 171 166 166 166 159 159 159 152 152 152 145 145 145 139 139 120 120 120 134 134 134 106 106 106 118 118 103 103 103 103 103 103 90 90 90 90 90 90 90 90 61 61 61 61 61 61 58 58 58 42 42 26 26 26 20 20 20 10 10 10 2 2 2 13 13 34 34 34 47 47 47 58 58 58 71 71 71 90 90 106 106 106 132 132 132 139 139 139 148 148 159 159 159 160 160 160 169 169 169 171 171 171 176 176 180 180 180 171 171 171 169 169 169 163 163  Number = 6

165 165 165 177 177 180 180 174 174 174 170 170 158 158 156 156 149 149 149 148 148 141 141 137 137 137 135 135 135 135 124 124 114 114 114 124 124 112 112 90 90 90 90 90 90 90 77 77 63 63 63 55 55 44 44 52 52 52 31 31 30 30 21 21 18 18 18 11 11 4 4 0 0 0 0 0 6 6 18 18 24 24 24 28 28 46 46 51 51 51 74 74 113 113 142 142 158 158 158 165 165 168 168 177 177 177 180 180 180 180 180 180 174 174 174 171 171 173 173 171 171 171 170 170 166 166 158 158  Number = 6

31 31 31 81 81 81 142 142 142 160 160 160 173 173 176 176 176 176 176 176 172 172 172 167 167 167 159 159 148 148 148 154 154 154 141 141 141 137 137 135 135 135 120 120 120 120 120 120 104 104 104 106 106 90 90 90 73 73 73 57 57 57 55 55 45 45 45 39 39 39 28 28 28 25 25 25 11 11 14 14 14 2 2 2 0 0 0 10 10 10 21 21 28 28 28 49 49 49 98 98 98 154 154 160 160 160 170 170 170 169 169 169 178 178 178 180 180 174 174 174 170 170 170 162 162 162 148 148  Number = 6

113 113 113 131 131 143 143 143 143 143 143 157 157 157 157 167 167 167 180 180 171 171 157 157 148 148 151 151 146 146 146 146 150 150 150 140 140 140 140 146 146 140 140 126 126 134 134 126 126 126 126 126 126 126 116 116 102 102 102 102 99 99 90 90 90 90 90 80 80 79 79 69 69 57 57 49 49 46 46 33 33 33 26 26 11 11 0 0 10 10 22 22 39 39 51 51 90 90 90 122 122 131 131 140 140 148 148 153 153 155 155 167 167 167 167 167 177 177 180 180 171 171 169 169 161 161 160 160  Number = 6

146 146 163 163 168 168 172 172 180 180 180 177 177 167 167 167 167 167 164 164 159 159 163 154 154 153 153 149 149 149 136 136 133 133 129 129 115 110 110 103 103 90 90 103 90 90 76 76 67 67 64 54 54 50 50 46 46 30 30 30 30 30 20 20 16 16 16 11 11 11 11 11 7 7 3 3 0 0 0 4 4 7 7 19 19 28 55 55 82 82 90 90 117 133 133 135 135 143 143 143 155 155 151 151 158 158 163 167 167 172 172 169 169 177 175 175 180 180 180 180 180 180 180 170 170 159 159 159  Number = 6

115 115 115 141 141 141 156 156 160 160 160 167 167 172 172 172 167 167 180 180 180 180 180 174 174 174 168 168 161 161 161 155 155 154 154 154 149 149 139 139 139 138 138 120 120 120 116 116 90 90 90 90 90 60 60 60 61 61 56 56 56 51 51 51 51 51 35 35 40 40 40 29 29 27 27 27 26 26 14 14 14 8 8 11 11 11 0 0 9 9 9 27 27 44 44 44 77 77 115 115 115 139 139 150 150 150 160 160 163 163 163 168 168 173 173 173 177 177 180 180 180 166 166 163 163 163 150 150  Number = 6

83 83 133 133 145 145 158 158 156 156 166 166 171 171 172 172 180 180 177 177 180 180 171 171 162 162 153 153 145 145 137 137 137 137 126 126 126 126 126 126 126 126 113 113 112 112 101 101 101 101 101 101 90 90 90 90 78 78 67 67 63 63 47 47 49 49 34 34 26 26 15 15 0 0 12 12 20 20 26 26 23 23 34 34 40 40 51 51 58 58 57 57 84 84 90 90 107 107 143 143 158 158 167 167 167 167 167 167 173 173 180 180 180 180 180 180 177 177 164 164 164 164 158 158 145 145 121 121  Number = 6

142 142 142 160 160 168 168 172 172 173 173 173 180 180 180 180 180 180 180 180 173 173 173 169 169 155 155 158 158 143 143 144 144 144 130 130 128 128 118 118 102 102 102 102 102 90 90 90 90 65 65 59 59 52 52 52 44 44 31 31 44 44 30 30 31 31 31 22 22 26 26 18 18 21 21 21 14 14 15 15 11 11 8 8 4 4 4 21 21 36 36 57 57 82 82 130 130 130 130 130 144 144 151 151 151 151 162 162 162 160 160 166 166 166 166 168 168 175 175 175 180 180 180 180 166 166 107 107  Number = 6

134 134 134 159 159 161 161 161 164 164 169 169 173 173 173 176 176 178 178 173 173 173 167 167 158 158 158 148 148 139 139 134 134 134 116 116 122 122 109 109 109 103 103 90 90 90 90 90 90 90 90 90 90 71 71 62 62 51 51 51 51 51 40 40 32 32 32 28 28 28 28 28 19 19 17 17 8 8 8 0 0 0 0 12 12 12 15 15 18 18 18 23 23 34 34 64 64 64 99 99 146 146 154 154 154 159 159 160 160 160 162 162 167 167 174 174 174 180 180 174 174 167 167 167 169 169 164 164  Number = 6

128 128 128 146 146 147 147 147 149 149 156 156 156 164 164 160 160 160 157 157 167 167 167 180 180 180 180 180 175 175 157 157 140 140 140 138 138 132 132 132 129 129 122 122 122 126 126 111 111 111 111 111 98 98 98 90 90 71 71 71 59 59 58 58 41 41 41 41 41 22 22 22 12 12 4 4 4 0 0 0 0 0 32 32 57 57 57 67 67 71 71 71 85 85 107 107 135 135 135 161 161 168 168 168 180 180 180 180 180 180 180 171 171 171 162 162 132 132 132 112 112 116 116 116 126 126 103 103  Number = 6

170 170 170 175 175 177 177 180 180 180 173 173 174 174 170 170 166 166 166 161 161 157 157 156 156 156 151 151 149 149 149 149 141 141 141 131 131 120 120 117 117 117 90 90 90 90 77 77 77 77 77 52 52 40 40 40 40 40 34 34 25 25 21 21 19 19 19 22 22 13 13 11 11 11 11 11 1 1 3 3 6 6 6 25 25 42 42 80 80 80 90 90 99 99 135 135 149 149 149 154 154 164 164 166 166 166 174 174 174 174 176 176 180 180 180 180 180 175 175 171 171 171 167 167 158 158 148 148  Number = 6

143 143 143 153 153 167 167 172 172 177 177 177 177 177 169 169 167 167 162 162 162 157 157 155 155 151 151 142 142 142 130 130 128 128 124 124 102 102 102 90 90 90 90 78 78 65 65 65 47 47 47 47 37 37 34 34 34 34 34 28 28 28 28 24 24 24 17 17 16 16 8 8 0 0 0 0 0 6 6 20 20 28 28 28 36 36 58 58 81 81 90 90 90 90 90 127 127 151 151 169 169 169 180 180 180 180 177 177 172 172 172 173 173 173 173 173 173 168 168 168 167 167 164 164 145 145 121 121  Number = 6

90 90 90 90 116 116 116 155 155 155 162 162 162 162 164 164 164 170 170 170 178 178 178 161 161 161 161 152 152 152 143 143 143 142 142 142 142 141 141 141 132 132 132 101 101 101 114 114 114 114 113 113 113 90 90 90 90 90 90 90 90 90 90 75 75 75 90 90 90 90 90 90 90 75 75 75 42 42 42 20 20 20 20 25 25 25 20 20 20 10 10 10 0 0 0 0 1 1 1 13 13 13 53 53 53 53 104 104 104 148 148 148 162 162 162 168 168 168 168 175 175 175 162 162 162 168 168 168  Number = 6

172 172 173 173 180 180 180 180 180 173 176 176 174 174 180 173 173 176 176 173 180 180 180 180 180 180 180 172 172 172 100 100 90 90 90 86 86 79 69 69 69 69 75 60 60 62 58 58 70 70 84 90 90 90 90 84 75 75 69 69 48 36 36 25 3 3 3 3 9 16 16 14 14 13 10 10 19 19 9 22 22 9 9 10 14 14 10 15 15 74 74 90 90 90 95 95 117 127 127 157 157 165 169 169 172 172 180 176 176 180 180 180 180 180 176 180 180 176 176 165 154 154 172 172 176 164 164 176  Number = 6

