143 143 143 144 144 154 154 154 154 154 154 155 155 155 157 157 154 154 157 157 154 154 154 154 143 143 143 149 149 137 137 123 123 60 60 20 20 12 12 12 7 7 5 5 2 2 0 0 0 0 3 3 3 2 2 5 5 8 8 10 10 18 18 49 49 49 110 110 139 139 141 141 139 139 144 144 142 142 142 141 141 141 141 141 141 138 138 130 130 125 125 125 117 117 104 104 97 97 68 68 56 56 32 32 32 16 16 5 5 5 5 13 13 30 30 49 49 49 60 60 62 62 97 97 137 137 159 159  Number = 8

159 159 159 149 149 159 159 154 154 149 149 152 152 149 149 136 136 136 122 122 90 90 54 54 25 25 16 16 15 15 7 7 8 8 8 3 3 3 3 0 0 0 0 8 8 11 11 51 51 51 114 114 136 136 149 149 149 149 152 152 154 154 160 160 154 154 154 156 156 164 164 159 159 158 158 154 154 149 149 146 146 146 138 138 131 131 120 120 107 107 115 115 73 73 64 64 11 11 11 4 4 11 11 12 12 16 16 19 19 25 25 36 36 36 72 72 90 90 107 107 122 122 115 115 146 146 159 159  Number = 8

110 110 110 118 118 126 126 126 110 110 117 117 117 90 90 53 53 7 7 7 5 5 18 18 18 27 27 33 33 36 36 36 29 29 53 53 53 118 118 146 146 146 152 152 150 150 157 157 157 159 159 155 155 155 155 155 152 152 159 159 159 155 155 152 152 152 152 152 150 150 150 128 128 90 90 33 33 33 3 3 3 3 3 10 10 9 9 10 10 10 13 13 13 13 13 16 16 24 24 24 29 29 45 45 72 72 72 90 90 134 134 134 144 144 140 140 146 146 146 159 159 157 157 157 152 152 166 166  Number = 8

149 149 149 149 149 152 152 149 149 149 145 145 133 133 128 128 128 115 115 108 108 90 90 90 61 61 33 33 15 15 15 8 8 0 0 1 1 1 11 11 10 10 20 20 20 70 70 132 132 139 139 139 152 152 152 152 152 152 152 152 152 158 158 158 158 158 159 159 161 161 154 154 154 152 152 134 134 109 109 109 108 108 109 109 90 90 90 51 51 23 23 3 3 3 0 0 4 4 4 4 4 5 5 11 11 13 13 13 17 17 27 27 90 90 90 152 152 156 156 156 156 156 154 154 139 139 161 161  Number = 8

111 111 111 149 149 162 162 152 152 152 151 151 148 148 126 126 126 110 110 62 62 21 21 21 11 11 1 1 0 0 0 4 4 9 9 15 15 15 23 23 35 35 59 59 59 90 90 128 128 145 145 145 142 142 146 146 154 154 154 156 156 156 156 152 152 152 154 154 151 151 147 147 147 148 148 128 128 128 128 128 90 90 51 51 7 7 7 0 0 8 8 9 9 9 11 11 15 15 17 17 17 23 23 28 28 43 43 43 78 78 134 134 151 151 151 151 151 160 160 166 166 166 168 168 158 158 170 170  Number = 8

143 143 143 147 147 152 152 152 152 139 139 116 116 108 108 54 54 38 38 32 32 18 18 8 8 2 2 0 0 8 8 11 11 20 20 36 36 48 48 90 90 127 127 149 149 152 152 157 157 159 159 154 154 159 159 156 156 159 159 154 154 152 152 144 144 144 143 143 141 141 132 132 131 131 99 99 106 106 36 36 32 32 16 16 7 7 0 0 0 0 3 3 6 6 10 10 15 15 16 16 30 30 25 25 43 43 50 50 90 90 114 114 143 143 149 149 164 164 169 169 171 171 171 171 173 173 166 166  Number = 8

150 150 150 157 157 153 153 153 153 153 140 140 133 133 110 110 90 90 90 62 62 34 34 29 29 29 13 13 3 3 0 0 7 7 7 12 12 18 18 32 32 32 52 52 79 79 90 90 138 138 138 149 149 153 153 153 153 153 157 157 157 157 157 157 157 157 157 157 157 157 157 153 153 153 157 157 148 148 145 145 110 110 110 110 110 39 39 9 9 9 0 0 1 1 5 5 9 9 9 10 10 13 13 15 15 15 24 24 44 44 90 90 127 127 127 150 150 147 147 135 135 135 147 147 161 161 157 157  Number = 8

152 152 144 144 145 145 152 152 150 150 157 157 144 144 155 155 147 147 131 131 120 120 82 29 29 6 6 7 7 6 6 6 6 4 4 2 2 0 0 0 0 6 6 53 90 90 126 126 116 116 129 129 122 122 135 135 127 127 137 137 144 144 135 135 148 152 152 150 150 150 150 144 144 138 138 129 129 115 115 105 105 61 61 22 22 0 6 6 9 9 14 14 15 15 14 14 19 19 22 22 19 19 29 29 29 29 34 61 61 118 118 138 138 144 144 142 142 157 157 172 172 169 169 172 172 177 177 170  Number = 8

159 159 159 161 161 155 155 155 155 157 157 157 157 152 152 155 155 146 146 146 146 144 144 144 100 100 80 80 35 35 16 16 11 11 1 1 1 1 5 5 8 8 9 9 9 18 18 16 16 22 22 33 33 80 80 115 115 144 144 153 153 157 157 157 157 157 155 155 155 155 157 157 153 153 157 157 157 157 151 151 146 146 159 159 142 142 142 132 132 100 100 39 39 18 18 3 3 0 0 6 6 8 8 11 11 11 11 11 15 15 27 27 60 60 90 90 119 119 140 140 157 157 166 166 172 172 135 135  Number = 8

133 133 133 151 151 160 160 154 154 154 154 154 152 152 147 147 138 138 138 140 140 131 131 99 99 99 90 90 34 34 10 10 0 0 0 3 3 1 1 5 5 5 8 8 14 14 28 28 55 55 55 98 98 131 131 138 138 138 145 145 142 142 154 154 143 143 143 152 152 148 148 144 144 144 107 107 90 90 90 90 80 80 80 80 80 62 62 34 34 34 12 12 0 0 7 7 8 8 8 12 12 11 11 23 23 23 37 37 80 80 124 124 142 142 142 148 148 164 164 165 165 165 167 167 162 162 127 127  Number = 8


173 173 173 167 167 167 167 155 155 157 157 152 152 152 140 140 134 134 134 134 136 136 123 123 98 98 98 106 106 52 52 29 29 20 20 9 9 1 1 1 0 0 2 2 3 3 6 6 8 8 10 10 10 12 12 16 16 73 73 132 132 150 150 148 148 148 152 152 152 152 156 156 157 157 157 157 154 154 154 156 156 152 152 148 148 148 148 132 132 123 123 123 105 105 112 112 97 97 50 50 6 6 0 0 0 6 6 4 4 10 10 16 16 17 17 32 32 32 73 73 106 106 129 129 147 147 159 159  Number = 8

157 157 157 161 161 159 159 159 159 159 162 162 155 155 155 150 150 137 137 110 110 110 69 69 33 33 33 15 15 9 9 4 4 4 1 1 0 0 0 0 0 5 5 14 14 14 39 39 80 80 100 100 100 130 130 137 137 138 138 138 142 142 150 150 153 153 153 153 153 152 152 152 157 157 161 161 157 157 157 157 157 159 159 152 152 152 140 140 118 118 118 90 90 22 22 1 1 1 5 5 7 7 11 11 11 12 12 24 24 24 22 22 32 32 44 44 44 69 69 132 132 152 152 152 163 163 152 152  Number = 8

160 160 155 155 150 150 154 154 153 153 148 148 145 145 139 139 123 123 110 110 90 90 66 66 46 46 39 39 24 24 20 20 19 19 16 16 13 13 8 8 3 3 4 4 0 0 0 0 10 10 13 13 24 24 42 42 63 63 90 90 107 107 119 119 124 124 142 142 140 140 152 152 153 153 153 153 152 152 153 153 158 158 155 155 154 154 155 155 152 152 156 156 142 142 148 148 116 116 90 90 46 46 8 8 0 0 8 8 4 4 11 11 24 24 44 44 82 82 118 118 142 142 148 148 142 142 123 123  Number = 8

159 159 159 159 159 159 159 163 163 163 163 144 144 144 99 99 99 99 58 58 58 29 29 29 29 16 16 16 8 8 8 8 1 1 1 0 0 0 0 26 26 26 90 90 90 132 132 132 132 150 150 150 150 150 150 150 155 155 155 161 161 161 161 161 161 161 161 161 161 161 159 159 159 144 144 144 144 116 116 116 80 80 80 80 34 34 34 12 12 12 2 2 2 2 2 2 2 8 8 8 8 12 12 12 24 24 24 24 47 47 47 132 132 132 132 163 163 163 169 169 169 169 167 167 167 159 159 159  Number = 8

121 121 121 136 136 136 140 140 121 121 121 98 98 98 74 74 34 34 34 24 24 8 8 8 0 0 0 6 6 17 17 17 45 45 67 67 67 98 98 98 134 134 145 145 145 147 147 147 157 157 153 153 153 162 162 157 157 157 159 159 159 159 159 150 150 150 155 155 145 145 145 145 145 145 127 127 97 97 97 81 81 22 22 22 1 1 1 3 3 5 5 5 4 4 4 6 6 11 11 11 11 11 20 20 20 26 26 26 29 29 73 73 73 123 123 123 123 123 141 141 141 159 159 165 165 165 165 165  Number = 8

146 146 146 151 151 146 146 141 141 120 120 98 98 46 46 4 4 4 0 0 10 10 18 18 25 25 33 33 73 73 97 97 141 141 141 145 145 151 151 154 154 151 151 158 158 156 156 157 157 157 160 160 156 156 151 151 160 160 151 151 146 146 154 154 146 146 146 137 137 133 133 90 90 59 59 36 36 10 10 2 2 2 2 2 6 6 7 7 8 8 16 16 14 14 21 21 18 18 18 33 33 38 38 46 46 69 69 90 90 113 113 113 113 113 133 133 133 133 154 154 161 161 133 133 98 98 113 113  Number = 8

115 115 115 90 90 50 50 43 43 27 27 20 20 15 15 6 6 0 0 0 0 0 0 6 6 8 8 16 16 25 25 48 48 82 82 112 112 122 122 146 146 138 138 154 154 154 154 154 154 158 158 162 162 163 163 160 160 159 159 158 158 152 152 152 152 152 149 149 138 138 129 129 107 107 54 54 27 27 11 11 1 1 3 3 6 6 7 7 10 10 9 9 16 16 20 20 36 36 64 64 122 122 136 136 138 138 136 136 136 136 143 143 134 134 149 149 149 149 152 152 160 160 163 163 166 166 166 166  Number = 8

90 90 90 74 74 68 68 61 61 48 48 48 29 29 19 19 9 9 4 4 0 0 0 4 4 10 10 48 48 75 75 105 105 105 120 120 138 138 140 140 148 148 143 143 143 152 152 150 150 155 155 150 150 158 158 158 159 159 156 156 164 164 155 155 156 156 156 153 153 137 137 97 97 67 67 67 41 41 9 9 2 2 0 0 1 1 1 8 8 9 9 13 13 19 19 29 29 29 48 48 74 74 97 97 138 138 129 129 129 120 120 126 126 131 131 145 145 150 150 150 160 160 166 166 156 156 120 120  Number = 8

161 161 161 158 158 158 143 143 128 128 128 120 120 90 90 90 68 68 48 48 48 38 38 25 25 25 21 21 19 19 19 13 13 6 6 6 0 0 4 4 4 6 6 18 18 18 44 44 82 82 82 97 97 120 120 120 135 135 137 137 137 142 142 152 152 152 152 152 154 154 154 158 158 159 159 159 154 154 163 163 163 161 161 161 161 161 154 154 140 140 140 128 128 73 73 73 14 14 0 0 0 6 6 14 14 14 13 13 25 25 25 36 36 90 90 90 133 133 149 149 149 158 158 161 161 161 126 126  Number = 8



158 158 151 151 149 149 151 151 147 142 142 137 137 133 133 115 105 105 64 64 44 44 26 15 15 11 11 6 6 3 1 1 1 1 7 7 11 13 13 23 23 49 49 64 98 98 139 139 146 146 156 151 151 157 157 159 159 157 164 164 160 160 162 162 157 155 155 156 156 146 146 156 139 139 145 145 145 145 130 139 139 131 131 126 126 98 90 90 51 51 23 23 9 0 0 6 6 6 6 8 10 10 13 13 18 18 23 28 28 31 31 48 48 64 90 90 106 106 115 115 122 142 142 162 162 162 162 153  Number = 8

151 151 156 156 154 154 158 158 148 148 148 148 135 135 122 122 90 90 90 90 61 61 23 23 16 16 7 7 2 2 4 4 0 0 0 0 21 21 57 57 106 106 126 126 138 138 135 135 151 151 147 147 156 156 149 149 158 158 154 154 158 158 154 154 154 154 154 154 149 149 147 147 133 133 128 128 99 99 90 90 46 46 11 11 6 6 0 0 0 0 0 0 3 3 5 5 7 7 11 11 15 15 21 21 28 28 57 57 72 72 90 90 124 124 142 142 146 146 160 160 162 162 171 171 166 166 162 162  Number = 8

128 128 132 132 148 148 141 141 143 143 145 145 136 136 120 120 90 90 90 90 61 61 43 28 28 17 17 12 12 4 4 3 3 0 0 3 3 7 7 16 16 32 32 51 78 78 100 100 118 118 141 141 141 141 156 156 154 154 154 154 156 156 160 160 160 158 158 152 152 158 158 156 156 153 153 147 147 145 145 139 139 132 132 101 101 68 26 26 7 7 0 0 5 5 3 3 7 7 8 8 8 8 9 9 19 19 26 34 34 59 59 90 90 134 134 158 158 156 156 154 154 153 153 153 153 151 151 165  Number = 8

136 136 122 122 99 99 114 114 90 80 80 48 48 37 37 28 19 19 17 17 11 11 8 8 7 1 1 0 0 1 1 5 19 19 39 39 80 80 98 98 115 133 133 142 142 142 142 148 148 148 151 151 152 152 156 156 151 159 159 156 156 156 156 156 151 151 158 158 151 151 140 140 129 117 117 109 109 62 62 23 12 12 3 3 0 0 0 0 8 9 9 10 10 15 15 26 46 46 62 62 80 80 90 90 127 142 142 148 148 156 156 148 153 153 160 160 159 159 164 164 168 169 169 170 170 174 174 169  Number = 8

122 122 122 106 106 90 90 37 37 28 28 12 12 5 5 0 0 0 0 7 7 11 11 11 16 16 31 31 46 46 90 90 90 90 130 130 136 136 147 147 147 147 147 147 147 159 159 155 155 159 159 159 159 160 160 163 163 159 159 159 159 155 155 155 155 155 138 138 99 99 55 55 37 37 15 15 7 7 1 1 0 0 1 1 5 5 5 13 13 20 20 31 31 55 55 62 62 73 73 90 90 115 115 128 128 140 140 140 144 144 153 153 150 150 153 153 150 150 150 150 153 153 146 146 144 144 153 153  Number = 8

112 112 74 74 48 48 46 46 24 24 24 24 18 18 8 8 4 4 0 0 13 13 26 26 59 59 90 90 115 115 133 133 140 146 146 146 146 155 155 154 154 154 154 162 162 158 158 159 159 162 162 159 159 159 159 159 159 155 155 150 150 136 136 126 97 97 90 90 48 48 26 26 13 13 0 0 4 4 6 6 10 10 13 13 14 14 19 19 20 20 24 24 29 29 46 46 50 64 64 90 90 105 105 116 116 126 126 138 138 138 138 144 144 148 148 142 142 159 159 152 152 155 155 148 148 157 157 170  Number = 8

29 29 21 21 24 24 17 17 15 15 11 11 14 14 2 2 4 4 0 0 29 29 82 124 124 136 136 137 137 144 144 143 143 150 150 145 145 150 150 156 156 155 155 156 158 158 159 159 156 156 159 159 159 159 156 156 155 155 150 150 138 138 129 129 104 90 90 57 57 43 43 29 29 13 13 4 4 0 0 0 0 6 6 8 8 11 12 12 26 26 29 29 37 37 50 50 70 70 90 90 109 109 127 127 132 132 137 135 135 145 145 144 144 142 142 145 145 150 150 137 137 145 145 153 153 153 153 153  Number = 8

82 82 65 65 51 51 60 60 38 38 41 41 32 32 32 32 22 22 16 16 16 16 6 4 4 0 0 0 0 8 8 17 17 31 31 43 43 68 68 90 90 90 90 117 127 127 142 142 145 145 145 145 155 155 159 159 159 159 159 159 166 166 164 164 166 165 165 163 163 162 162 158 158 155 155 132 132 141 141 105 105 90 90 47 47 34 11 11 11 11 20 20 22 22 26 26 19 19 37 37 34 34 56 56 75 75 90 114 114 129 129 132 132 141 141 141 141 148 148 157 157 159 159 163 163 159 159 162  Number = 8

7 7 7 7 7 7 2 2 21 51 51 83 83 103 103 138 141 141 149 149 149 149 152 152 157 163 163 168 168 165 165 168 172 172 163 163 166 166 154 154 151 143 143 142 142 146 146 132 136 136 130 130 115 115 119 119 90 69 69 53 53 30 30 4 0 0 10 10 16 16 18 18 20 22 22 26 26 26 26 30 42 42 49 49 53 53 55 55 75 90 90 103 103 125 125 136 152 152 143 143 146 146 143 143 149 141 141 146 146 143 143 134 111 111 82 82 49 49 23 23 2 2 2 12 12 18 18 10  Number = 8

26 26 11 11 11 11 13 13 28 52 52 81 81 90 90 115 125 125 139 139 145 145 148 148 157 163 163 168 168 174 174 177 174 174 168 168 163 163 155 155 153 151 151 145 145 151 151 135 133 133 135 135 120 120 107 107 90 90 90 52 52 26 26 6 4 4 8 8 11 11 13 13 12 13 13 13 13 16 16 22 18 18 23 23 31 31 42 42 58 90 90 90 90 106 106 125 128 128 143 143 147 147 148 148 153 155 155 159 159 156 156 161 162 162 151 151 166 166 157 157 161 158 158 145 145 98 98 64  Number = 8

