58 58 58 44 44 37 37 26 26 26 26 26 26 22 22 17 17 17 14 14 11 11 4 4 0 0 0 0 6 6 10 10 40 40 40 72 72 123 123 135 135 144 144 147 147 149 149 158 158 158 158 158 162 162 160 160 166 166 164 164 164 164 167 167 167 167 167 3 3 1 1 0 0 3 3 0 0 0 0 3 3 3 5 5 17 17 26 26 54 54 90 90 90 90 125 125 121 121 121 148 148 151 151 158 158 160 160 164 164 166 166 169 169 169 173 173 175 175 175 175 180 180 180 180 180 180 169 169  Number = 3

41 41 41 11 11 10 10 10 4 4 0 0 0 0 0 0 0 0 4 4 8 8 8 12 12 23 23 23 46 46 74 74 112 112 112 135 135 144 144 144 155 155 154 154 154 161 161 164 164 164 166 166 164 164 164 167 167 171 171 171 165 165 2 2 0 0 0 0 0 0 0 0 0 0 0 0 0 4 4 4 4 4 10 10 10 10 10 16 16 40 40 40 82 82 104 104 131 131 131 131 131 147 147 147 156 156 160 160 160 169 169 177 177 177 180 180 175 175 175 180 180 180 180 180 173 173 160 160  Number = 3

83 83 83 13 13 13 10 10 2 2 2 0 0 0 0 0 0 0 0 0 0 0 10 10 7 7 7 17 17 17 71 71 130 130 130 147 147 147 153 153 152 152 152 156 156 156 158 158 159 159 159 159 159 159 156 156 159 159 159 17 17 17 0 0 4 4 4 5 5 5 4 4 5 5 5 8 8 8 12 12 25 25 25 41 41 41 84 84 128 128 128 147 147 147 149 149 159 159 159 166 166 166 165 165 167 167 167 170 170 170 168 168 173 173 173 174 174 174 176 176 175 175 175 180 180 180 134 134  Number = 3

101 101 101 46 46 46 6 6 3 3 3 5 5 0 0 0 0 0 0 0 0 0 0 4 4 4 0 0 10 10 10 5 5 19 19 19 43 43 105 105 105 136 136 134 134 134 150 150 145 145 145 148 148 154 154 154 156 156 158 158 158 156 156 160 160 160 162 162 0 0 0 5 5 0 0 0 0 0 0 0 0 5 5 10 10 10 13 13 19 19 19 24 24 43 43 43 78 78 106 106 106 136 136 139 139 139 154 154 161 161 161 170 170 167 167 167 177 177 180 180 180 173 173 180 180 180 180 180  Number = 3

72 72 72 39 39 24 24 24 24 11 11 14 14 11 11 5 5 5 5 5 4 4 0 0 0 0 0 0 5 5 12 12 28 28 28 95 95 128 128 138 138 143 143 146 146 154 154 158 158 158 159 159 162 162 164 164 164 164 163 163 9 9 5 5 0 0 0 5 5 11 11 5 5 10 10 17 17 22 22 16 16 16 31 31 36 36 49 49 72 72 78 78 106 106 126 126 140 140 140 146 146 155 155 167 167 167 167 177 177 174 174 180 180 180 180 180 180 180 171 171 159 159 162 162 155 155 146 146  Number = 3

90 90 90 41 41 27 27 17 17 17 12 12 6 6 0 0 5 5 5 0 0 5 5 0 0 0 0 0 0 0 6 6 6 6 6 14 14 30 30 109 109 109 130 130 142 142 146 146 150 150 150 152 152 155 155 161 161 161 165 165 166 166 172 172 10 10 10 0 0 14 14 3 3 3 12 12 11 11 20 20 16 16 16 20 20 41 41 36 36 36 56 56 99 99 129 129 140 140 140 146 146 157 157 161 161 161 157 157 168 168 172 172 172 172 172 180 180 172 172 180 180 180 180 180 172 172 176 176  Number = 3

17 17 7 7 12 12 6 6 7 7 7 7 7 0 0 6 6 7 7 0 0 6 6 0 0 7 0 0 0 0 0 0 0 0 0 0 16 16 52 107 107 128 128 126 126 136 136 140 140 143 143 152 152 152 152 152 152 152 158 158 165 165 171 171 171 171 171 0 0 0 0 0 0 0 0 0 0 6 7 7 12 12 16 16 23 23 33 33 42 42 67 78 78 93 93 121 121 134 134 146 146 151 151 156 157 157 160 160 167 167 174 174 174 174 180 180 180 180 180 180 180 172 172 180 180 171 171 140  Number = 3

61 61 61 32 32 28 28 21 21 13 13 7 7 15 15 6 6 6 6 6 0 0 0 0 0 0 0 0 7 7 22 22 50 50 50 104 104 122 122 132 132 140 140 142 142 151 151 151 151 151 157 157 157 157 171 171 162 162 7 7 8 8 0 0 0 0 0 0 0 0 0 0 0 0 0 7 7 8 8 17 17 17 28 28 38 38 56 56 79 79 93 93 114 114 129 129 145 145 145 145 145 153 153 164 164 168 168 171 171 171 171 180 180 180 180 180 180 180 162 162 164 164 163 163 149 149 61 61  Number = 3

81 81 81 81 81 17 17 17 17 17 9 9 9 9 3 3 3 3 3 0 0 0 0 0 0 0 0 0 11 11 11 11 13 13 13 13 13 33 33 33 33 33 90 90 90 90 112 112 112 112 112 149 149 149 149 158 158 158 158 158 166 166 166 166 168 168 168 168 168 11 11 11 11 11 11 11 11 11 28 28 28 28 28 33 33 33 33 64 64 64 64 64 107 107 107 107 146 146 146 146 146 162 162 162 162 162 171 171 171 171 170 170 170 170 170 177 177 177 177 180 180 180 180 180 175 175 175 175  Number = 3

56 56 56 56 35 35 35 22 22 22 21 21 21 12 12 12 3 3 3 0 0 0 0 0 0 0 0 0 0 7 7 7 20 20 20 41 41 41 98 98 98 127 127 127 138 138 138 144 144 144 150 150 150 150 153 153 153 152 152 152 22 22 22 0 0 0 8 8 8 10 10 10 7 7 7 13 13 13 13 15 15 15 26 26 26 33 33 33 44 44 44 97 97 97 135 135 135 141 141 141 153 153 153 153 157 157 157 152 152 152 157 157 157 159 159 159 157 157 157 160 160 160 175 175 175 138 138 138  Number = 3

90 90 90 61 61 39 39 28 28 15 15 15 12 12 6 6 2 2 0 0 0 0 0 0 0 6 6 11 11 11 19 19 22 22 36 36 55 55 55 77 77 90 90 94 94 112 112 112 128 128 137 137 137 137 149 149 149 155 155 164 164 171 171 180 180 180 3 3 0 0 0 0 0 0 0 5 5 13 13 13 13 21 21 21 24 24 34 34 52 52 81 81 81 103 103 130 130 131 131 145 145 145 153 153 163 163 176 176 180 180 180 180 180 180 180 176 176 160 160 160 161 161 145 145 151 151 144 144  Number = 3

112 112 112 79 79 35 35 23 23 8 8 4 4 10 10 0 0 0 0 0 0 0 0 0 0 0 0 0 7 7 16 16 16 16 16 38 38 55 55 83 83 90 90 114 114 121 121 127 127 127 134 134 144 144 158 158 174 174 31 31 0 0 0 0 8 8 8 9 9 7 7 13 13 21 21 21 21 24 24 24 24 24 43 43 45 45 69 69 97 97 132 132 137 137 148 148 137 137 137 147 147 158 158 148 148 158 158 164 164 158 158 172 172 172 171 171 180 180 180 180 180 180 180 180 159 159 100 100  Number = 3

90 90 90 24 24 13 13 6 6 3 3 3 0 0 6 6 0 0 0 0 0 0 0 0 0 12 12 16 16 52 52 79 79 79 111 111 124 124 131 131 137 137 145 145 145 154 154 154 154 157 157 158 158 176 176 176 166 166 31 31 0 0 0 0 0 0 0 0 0 12 12 11 11 18 18 18 24 24 46 46 71 71 105 105 142 142 142 142 142 151 151 152 152 157 157 160 160 160 161 161 164 164 168 168 168 168 174 174 174 174 174 173 173 180 180 180 180 180 180 180 176 176 157 157 95 95 180 180  Number = 3

80 80 80 25 25 15 15 6 6 7 7 0 0 7 7 0 0 0 0 0 0 6 6 6 13 13 6 6 17 17 22 22 28 28 50 50 66 66 97 97 121 121 130 130 130 138 138 148 148 152 152 156 156 166 166 164 164 169 169 180 180 180 180 37 37 37 4 4 0 0 0 0 13 13 6 6 12 12 15 15 17 17 25 25 22 22 22 28 28 37 37 49 49 66 66 80 80 115 115 138 138 152 152 156 156 162 162 162 163 163 162 162 176 176 171 171 174 174 180 180 180 180 176 176 139 139 109 109  Number = 3

62 62 62 30 30 19 19 19 10 10 16 16 3 3 3 8 8 7 7 6 6 6 0 0 6 6 6 0 0 0 0 0 0 0 15 15 28 28 73 73 73 116 116 130 130 130 146 146 148 148 154 154 154 161 161 156 156 176 176 176 180 180 12 12 3 3 3 0 0 0 0 0 0 0 13 13 4 4 4 21 21 26 26 35 35 35 46 46 80 80 80 90 90 98 98 102 102 102 117 117 127 127 133 133 133 142 142 151 151 151 167 167 162 162 169 169 169 180 180 180 180 180 180 180 163 163 117 117  Number = 3

30 30 30 23 23 18 18 9 9 12 12 7 7 7 5 5 5 5 4 4 0 0 5 5 0 0 0 0 0 0 0 65 65 130 130 134 134 141 141 141 148 148 150 150 157 157 162 162 162 162 162 162 162 176 176 180 180 18 18 0 0 0 0 4 4 4 10 10 5 5 13 13 13 13 17 17 22 22 22 26 26 42 42 53 53 78 78 90 90 114 114 114 129 129 130 130 138 138 143 143 148 148 154 154 154 153 153 160 160 161 161 164 164 171 171 168 168 168 180 180 180 180 154 154 119 119 130 130  Number = 3

53 53 53 24 24 12 12 12 4 4 0 0 0 0 0 0 0 0 0 0 6 6 8 8 8 11 11 26 26 85 85 85 127 127 139 139 139 140 140 146 146 146 153 153 151 151 157 157 157 161 161 4 4 4 6 6 0 0 8 8 8 7 7 8 8 8 8 8 8 8 8 8 8 17 17 19 19 19 17 17 34 34 34 53 53 90 90 120 120 120 127 127 132 132 132 138 138 146 146 146 146 146 155 155 165 165 165 171 171 175 175 175 171 171 180 180 180 180 180 180 180 171 171 171 161 161 126 126  Number = 3

30 30 30 21 21 5 5 12 12 0 0 7 7 0 0 0 0 0 0 0 11 11 0 0 0 0 0 0 11 11 9 9 11 11 11 19 19 41 41 93 93 128 128 136 136 145 145 140 140 140 149 149 162 162 26 26 9 9 6 6 7 7 21 21 11 11 11 15 15 22 22 27 27 27 27 38 38 48 48 62 62 62 80 80 92 92 112 112 128 128 125 125 147 147 143 143 153 153 153 147 147 166 166 162 162 155 155 165 165 170 170 180 180 180 170 170 180 180 180 180 180 180 180 180 156 156 109 109  Number = 3

22 22 22 10 10 3 3 6 6 3 3 3 0 0 0 0 0 0 0 0 0 5 5 7 7 7 7 22 22 22 44 44 94 94 123 123 138 138 138 147 147 149 149 151 151 157 157 157 159 159 171 171 180 180 180 180 180 5 5 3 3 7 7 0 0 0 5 5 11 11 11 11 12 12 12 14 14 20 20 26 26 41 41 41 69 69 90 90 113 113 126 126 126 144 144 141 141 151 151 150 150 150 159 159 157 157 167 167 165 165 165 173 173 173 173 172 172 180 180 180 173 173 169 169 161 161 138 138  Number = 3

42 42 42 19 19 13 13 13 14 14 8 8 8 6 6 6 6 6 0 0 0 0 0 0 0 0 0 0 5 5 14 14 19 19 19 49 49 75 75 75 100 100 114 114 114 133 133 147 147 147 160 160 172 172 172 173 173 180 180 180 0 0 10 10 17 17 17 24 24 24 24 24 24 24 29 29 29 34 34 40 40 40 50 50 63 63 63 90 90 99 99 99 117 117 131 131 139 139 139 150 150 159 159 159 160 160 176 176 176 172 172 180 180 180 180 180 176 176 176 173 173 169 169 169 169 169 164 164  Number = 3

49 49 49 14 14 13 13 12 12 12 8 8 0 0 6 6 6 0 0 0 0 0 0 0 0 0 9 9 0 0 0 14 14 8 8 18 18 18 27 27 49 49 79 79 79 118 118 145 145 152 152 152 159 159 164 164 170 170 170 170 170 180 180 180 180 180 10 10 9 9 13 13 13 20 20 15 15 26 26 26 34 34 37 37 52 52 52 70 70 90 90 112 112 112 123 123 132 132 149 149 149 156 156 165 165 170 170 170 180 180 180 180 180 180 180 180 180 170 170 169 169 169 165 165 151 151 123 123  Number = 3

35 35 35 11 11 17 17 17 3 3 14 14 14 0 0 3 3 3 0 0 0 0 0 0 0 0 0 0 6 6 12 12 29 29 29 90 90 127 127 127 142 142 143 143 143 158 158 154 154 154 175 175 172 172 172 0 0 11 11 11 11 11 11 11 21 21 21 25 25 22 22 22 33 33 39 39 39 44 44 56 56 56 72 72 90 90 90 118 118 135 135 135 141 141 157 157 152 152 152 163 163 168 168 168 165 165 173 173 173 180 180 173 173 173 180 180 173 173 173 172 172 165 165 165 167 167 135 135  Number = 3

52 52 52 21 21 14 14 14 14 14 7 7 7 6 6 0 0 0 0 0 0 0 15 15 15 18 18 30 30 70 70 70 112 112 130 130 130 146 146 153 153 153 156 156 163 163 169 169 169 172 172 180 180 180 180 180 3 3 0 0 0 0 0 0 0 0 0 0 7 7 7 11 11 11 11 15 15 15 32 32 37 37 37 43 43 56 56 56 56 56 85 85 108 108 108 136 136 145 145 145 160 160 160 160 167 167 167 171 171 180 180 180 180 180 172 172 172 172 172 175 175 162 162 162 167 167 158 158  Number = 3

33 33 22 22 18 18 8 8 13 13 8 8 8 8 16 16 0 0 8 8 0 0 0 0 0 0 0 0 0 0 8 8 16 16 23 23 46 46 81 81 104 104 128 128 133 133 136 136 152 152 152 152 154 154 157 157 165 165 171 171 170 170 176 176 40 3 3 9 9 0 0 0 0 0 0 6 6 7 7 13 13 14 14 24 24 27 27 40 40 40 40 64 64 90 90 97 97 121 121 127 127 133 133 138 138 157 157 150 150 163 163 170 170 171 171 170 170 180 180 180 180 172 172 170 170 156 156 111  Number = 3

30 30 30 11 11 11 9 9 9 8 8 8 9 9 9 6 6 6 2 2 0 0 0 0 0 0 0 0 0 3 3 3 23 23 23 67 67 112 112 112 138 138 138 146 146 146 155 155 155 162 162 162 159 159 159 167 167 177 177 177 176 176 176 3 3 3 2 2 2 5 5 5 8 8 12 12 12 16 16 16 20 20 20 30 30 30 39 39 39 57 57 57 83 83 119 119 119 135 135 135 143 143 143 155 155 155 159 159 159 163 163 174 174 174 176 176 176 180 180 180 177 177 177 166 166 166 137 137  Number = 3

28 28 28 14 14 7 7 9 9 0 0 0 0 0 0 0 0 0 0 0 0 0 0 0 0 0 0 0 0 0 0 6 6 0 0 7 7 19 19 85 85 120 120 132 132 137 137 139 139 140 140 151 151 151 151 160 160 151 151 157 157 157 157 162 162 162 172 172 170 170 47 47 0 0 0 0 0 0 13 13 7 7 15 15 15 15 15 15 28 28 38 38 50 50 77 77 113 113 126 126 140 140 140 140 158 158 153 153 167 167 162 162 170 170 180 180 170 170 180 180 180 180 180 180 171 171 166 166  Number = 3

