124 124 124 131 131 131 129 129 122 122 122 131 131 113 113 113 116 116 111 111 111 101 101 90 90 90 90 90 56 56 56 42 42 23 23 23 9 9 0 0 0 9 9 15 15 15 25 25 18 18 18 23 23 27 27 27 25 25 29 29 29 34 34 29 29 29 40 40 40 40 40 42 42 53 53 53 50 50 67 67 67 67 67 125 125 125 112 112 110 110 110 110 110 121 121 121 111 111 117 117 117 111 111 120 120 120 111 111 111 111 111 113 113 90 90 90 104 104 90 90 90 90 90 82 82 82 90 90  Number = 4

127 127 127 119 119 121 121 121 129 129 121 121 116 116 116 121 121 105 105 90 90 90 103 103 90 90 90 58 58 34 34 9 9 9 1 1 11 11 16 16 16 17 17 16 16 16 21 21 21 21 21 21 21 26 26 26 26 32 32 32 32 32 38 38 32 32 32 45 45 45 45 45 45 45 54 54 119 119 119 106 106 106 106 110 110 110 105 105 103 103 103 105 105 103 103 103 103 103 103 103 103 103 90 90 90 103 103 90 90 90 90 90 90 90 90 90 90 90 90 90 90 74 74 74 60 60 65 65  Number = 4

125 125 125 118 118 118 113 113 113 113 113 108 108 108 112 112 101 101 101 103 103 90 90 90 90 90 90 54 54 30 30 30 6 6 0 0 0 8 8 8 14 14 18 18 18 21 21 21 22 22 22 22 22 23 23 31 31 31 31 31 31 33 33 33 33 33 40 40 38 38 38 51 51 51 46 46 51 51 51 118 118 110 110 110 113 113 113 111 111 118 118 118 103 103 103 118 118 115 115 115 103 103 103 103 103 110 110 110 105 105 90 90 90 101 101 90 90 90 90 90 90 90 90 90 90 90 73 73  Number = 4

105 105 105 111 111 106 106 110 110 110 112 112 94 94 100 100 100 98 98 90 90 90 90 90 84 84 51 51 24 24 24 10 10 0 0 9 9 9 17 17 18 18 20 20 20 25 25 26 26 21 21 21 32 32 32 32 33 33 33 32 32 38 38 38 38 38 38 38 50 50 50 50 50 50 50 48 48 50 50 50 50 50 80 80 90 90 90 100 100 90 90 90 90 90 90 90 90 90 90 90 90 90 90 90 90 79 79 79 90 90 79 79 90 90 90 81 81 82 82 90 90 90 82 82 70 70 70 70  Number = 4

132 132 132 112 112 112 101 101 107 107 107 101 101 100 100 100 90 90 90 90 90 90 90 90 79 79 65 65 65 49 49 45 45 45 34 34 24 24 24 6 6 0 0 0 12 12 12 24 24 28 28 28 29 29 29 29 29 32 32 38 38 38 39 39 47 47 47 40 40 40 50 50 47 47 47 53 53 58 58 58 58 58 51 51 51 84 84 84 90 90 90 90 90 90 90 90 90 90 90 90 90 90 90 90 90 90 90 90 90 90 90 90 90 80 80 80 90 90 90 90 90 78 78 90 90 90 70 70  Number = 4

147 147 147 123 123 123 134 134 134 109 109 109 116 116 116 106 106 106 90 90 90 90 90 90 54 54 54 17 17 17 6 6 14 14 14 17 17 17 19 19 19 17 17 17 19 19 19 21 21 21 32 32 32 26 26 26 32 32 32 35 35 35 35 35 49 49 49 45 45 45 49 49 49 65 65 65 104 104 104 105 105 105 108 108 108 101 101 101 105 105 105 105 105 105 105 105 103 103 103 105 105 105 101 101 101 111 111 111 90 90 90 103 103 103 90 90 90 90 90 90 90 90 90 90 90 90 73 73  Number = 4

108 108 108 118 118 118 109 109 109 119 119 119 98 98 98 90 90 90 90 90 90 90 90 90 80 80 80 56 56 56 32 32 32 15 15 15 1 1 1 4 4 4 9 9 9 15 15 15 11 11 11 17 17 17 10 10 10 17 17 17 19 19 19 22 22 22 27 27 27 36 36 36 40 40 40 122 122 122 90 90 90 99 99 99 103 103 103 104 104 104 106 106 106 90 90 90 106 106 106 90 90 90 108 108 108 90 90 90 104 104 104 90 90 90 90 90 90 90 90 90 73 73 73 63 63 63 71 71  Number = 4



110 110 110 110 110 110 110 110 99 99 99 99 106 106 106 106 90 90 90 90 59 59 59 59 40 40 40 40 16 16 16 16 8 8 8 0 0 0 0 9 9 9 9 9 9 9 9 14 14 14 14 17 17 17 17 19 19 19 19 32 32 32 32 36 36 36 50 50 50 50 79 79 79 79 98 98 98 98 100 100 100 100 119 119 119 119 117 117 117 117 108 108 108 108 125 125 125 116 116 116 116 105 105 105 105 107 107 107 107 107 107 107 107 109 109 109 109 90 90 90 90 90 90 90 90 110 110 110  Number = 4

124 124 124 124 105 105 105 90 90 90 90 90 90 90 90 90 90 90 90 90 73 73 73 59 59 59 59 37 37 37 35 35 35 19 19 19 19 1 1 1 13 13 13 16 16 16 21 21 21 21 30 30 30 25 25 25 36 36 36 36 30 30 30 41 41 41 41 41 41 37 37 37 37 51 51 51 57 57 57 90 90 90 90 121 121 121 99 99 99 105 105 105 104 104 104 104 90 90 90 90 90 90 104 104 104 104 90 90 90 90 90 90 90 90 90 90 90 90 90 90 90 90 90 90 90 81 81 81  Number = 4

113 113 113 113 106 106 106 101 101 101 90 90 90 90 90 90 90 90 90 90 84 84 84 57 57 57 56 56 56 26 26 26 9 9 9 9 5 5 5 12 12 12 20 20 20 24 24 24 34 34 34 34 29 29 29 40 40 40 39 39 39 52 52 52 47 47 47 47 60 60 60 58 58 58 62 62 62 67 67 67 71 71 71 71 90 90 90 85 85 85 79 79 79 90 90 90 79 79 79 79 90 90 90 79 79 79 90 90 90 78 78 78 79 79 79 79 79 79 79 78 78 78 78 78 78 77 77 77  Number = 4

115 115 115 115 90 90 90 90 90 90 90 67 67 67 62 62 62 64 64 64 64 41 41 41 42 42 42 23 23 23 23 2 2 2 12 12 12 12 19 19 19 28 28 28 36 36 36 36 30 30 30 30 30 30 35 35 35 35 35 35 35 41 41 41 28 28 28 28 40 40 40 39 39 39 39 62 62 62 90 90 90 90 90 90 90 79 79 79 90 90 90 90 90 90 90 90 90 90 90 90 90 90 90 90 90 90 90 90 90 90 90 90 90 90 90 90 90 90 76 76 76 76 76 76 76 90 90 90  Number = 4

114 114 114 90 90 90 95 95 101 101 101 90 90 90 90 90 90 90 78 78 78 65 65 65 65 65 50 50 50 36 36 24 24 24 5 5 11 11 11 20 20 26 26 26 27 27 27 31 31 31 31 31 35 35 37 37 37 37 37 37 37 37 44 44 44 44 44 47 47 47 50 50 42 42 42 50 50 53 53 53 69 69 90 90 90 90 90 90 90 90 90 90 90 99 99 90 90 90 90 90 101 101 101 90 90 90 90 90 90 90 90 90 90 100 100 100 90 90 90 90 90 90 90 90 90 90 104 104  Number = 4

81 81 81 81 82 82 82 81 81 81 81 55 55 55 46 46 46 46 41 41 41 14 14 14 14 4 4 4 0 0 0 0 3 3 3 13 13 13 13 16 16 16 20 20 20 19 19 19 19 23 23 23 22 22 22 22 29 29 29 37 37 37 37 50 50 50 82 82 82 82 90 90 90 102 102 102 102 105 105 105 90 90 90 90 103 103 103 90 90 90 103 103 103 103 90 90 90 103 103 103 103 90 90 90 105 105 105 105 90 90 90 90 90 90 90 90 90 90 90 90 90 90 90 90 90 90 90 90  Number = 4

111 111 111 111 111 111 97 97 97 90 90 90 90 90 90 68 68 68 45 45 36 36 36 26 26 26 5 5 5 0 0 0 10 10 10 14 14 20 20 20 20 20 20 24 24 24 23 23 23 21 21 21 23 23 23 26 26 21 21 21 21 21 21 25 25 25 26 26 26 25 25 25 68 68 95 95 95 102 102 102 111 111 111 99 99 99 115 115 115 115 115 115 103 103 112 112 112 101 101 101 112 112 112 112 112 112 103 103 103 112 112 100 100 100 112 112 112 90 90 90 101 101 101 76 76 76 82 82  Number = 4

102 102 102 102 97 97 97 97 90 90 90 90 90 90 90 90 90 90 76 76 76 76 61 61 61 47 47 47 47 31 31 31 21 21 21 21 7 7 7 7 5 5 5 14 14 14 14 19 19 19 23 23 23 23 29 29 29 27 27 27 27 36 36 36 31 31 31 31 38 38 38 38 44 44 44 46 46 46 46 97 97 97 90 90 90 90 102 102 102 90 90 90 90 90 90 90 90 90 90 90 90 90 90 90 90 90 90 79 79 79 79 77 77 77 79 79 79 79 76 76 76 63 63 63 63 69 69 69  Number = 4

119 119 119 119 119 119 119 119 121 121 121 121 100 100 100 100 90 90 90 90 90 90 90 90 60 60 60 60 29 29 29 29 11 11 11 25 25 25 25 23 23 23 23 21 21 21 21 29 29 29 29 23 23 23 23 28 28 28 28 31 31 31 31 35 35 35 29 29 29 29 42 42 42 42 90 90 90 90 111 111 111 111 90 90 90 90 108 108 108 108 90 90 90 90 107 107 107 90 90 90 90 109 109 109 109 90 90 90 90 90 90 90 90 90 90 90 90 90 90 90 90 66 66 66 66 90 90 90  Number = 4

105 105 105 105 113 113 113 98 98 98 98 97 97 97 105 105 105 105 90 90 90 68 68 68 68 54 54 54 34 34 34 34 23 23 23 2 2 2 2 2 2 2 12 12 12 21 21 21 21 26 26 26 28 28 28 28 34 34 34 37 37 37 37 31 31 31 42 42 42 42 51 51 51 42 42 42 42 52 52 52 90 90 90 90 105 105 105 98 98 98 103 103 103 103 90 90 90 101 101 101 101 101 101 101 103 103 103 103 103 103 103 90 90 90 90 90 90 90 90 90 90 90 90 90 90 90 90 90  Number = 4

142 142 142 142 142 122 122 122 122 116 116 116 116 97 97 97 97 105 105 105 105 90 90 90 90 90 90 90 90 20 20 20 20 20 24 24 24 24 18 18 18 18 22 22 22 22 16 16 16 16 22 22 22 22 20 20 20 20 22 22 22 22 24 24 24 24 24 20 20 20 20 24 24 24 24 72 72 72 72 98 98 98 98 111 111 111 111 106 106 106 106 106 106 106 106 105 105 105 105 105 107 107 107 107 107 107 107 107 106 106 106 106 120 120 120 120 99 99 99 99 108 108 108 108 107 107 107 107  Number = 4

109 109 109 109 109 107 107 107 107 109 109 109 109 98 98 98 98 98 90 90 90 90 79 79 79 79 52 52 52 52 43 43 43 43 43 23 23 23 23 14 14 14 14 0 0 0 0 9 9 9 9 9 21 21 21 21 25 25 25 25 32 32 32 32 34 34 34 34 34 34 34 34 34 34 34 34 34 56 56 56 56 56 90 90 90 90 90 90 90 90 90 90 90 90 90 90 90 90 90 90 90 90 90 73 73 73 73 90 90 90 90 72 72 72 72 72 79 79 79 79 70 70 70 70 79 79 79 79  Number = 4

95 95 95 95 90 90 90 84 84 84 84 79 79 79 69 69 69 69 73 73 73 51 51 51 51 36 36 36 17 17 17 17 3 3 3 20 20 20 20 19 19 19 20 20 20 25 25 25 25 25 25 25 25 25 25 25 25 25 25 31 31 31 31 36 36 36 36 36 36 36 36 36 36 51 51 51 51 56 56 56 98 98 98 98 107 107 107 95 95 95 112 112 112 112 100 100 100 98 98 98 98 98 98 98 97 97 97 97 100 100 100 90 90 90 90 101 101 101 90 90 90 90 90 90 90 90 90 90  Number = 4

107 107 107 107 90 90 90 90 90 90 90 90 90 90 90 90 60 60 60 60 48 48 48 43 43 43 25 25 25 10 10 10 2 2 2 2 4 4 4 6 6 6 7 7 7 12 12 12 16 16 16 16 25 25 25 25 25 25 43 43 43 65 65 65 71 71 71 71 71 71 71 48 48 48 71 71 71 90 90 90 90 90 90 90 90 90 90 90 90 90 90 90 90 90 90 90 90 90 90 90 90 90 90 90 90 90 107 107 107 90 90 90 90 90 90 90 90 90 90 90 90 90 71 71 71 90 90 90  Number = 4

109 109 109 109 90 90 90 108 108 108 90 90 90 90 90 90 90 90 90 90 74 74 74 55 55 55 50 50 50 41 41 41 24 24 24 24 4 4 4 16 16 16 18 18 18 18 18 18 16 16 16 16 24 24 24 18 18 18 28 28 28 36 36 36 43 43 43 43 41 41 41 59 59 59 50 50 50 90 90 90 111 111 111 111 100 100 100 106 106 106 90 90 90 106 106 106 90 90 90 90 90 90 90 111 111 111 90 90 90 108 108 108 90 90 90 90 90 90 90 90 90 90 90 90 90 90 90 90  Number = 4

129 129 129 99 99 99 109 109 110 110 110 98 98 98 90 90 110 110 110 90 90 90 90 90 90 90 90 71 71 71 53 53 37 37 37 20 20 20 8 8 0 0 0 10 10 10 14 14 22 22 22 15 15 15 20 20 19 19 19 22 22 22 27 27 33 33 33 30 30 30 37 37 50 50 50 60 60 60 78 78 99 99 99 109 109 109 90 90 104 104 104 108 108 108 90 90 108 108 108 90 90 90 106 106 90 90 90 110 110 110 90 90 90 90 90 90 90 90 90 90 90 90 90 90 90 90 90 90  Number = 4

119 119 119 111 111 111 90 90 90 90 90 90 77 77 77 78 78 78 79 79 76 76 76 66 66 66 64 64 64 53 53 53 41 41 41 42 42 25 25 25 14 14 14 5 5 5 25 25 25 25 25 25 33 33 33 25 25 36 36 36 25 25 25 35 35 35 41 41 41 40 40 40 51 51 49 49 49 56 56 56 68 68 68 90 90 90 90 90 90 90 90 90 83 83 90 90 90 77 77 77 90 90 90 77 77 77 90 90 90 77 77 90 90 90 90 90 90 76 76 76 90 90 90 75 75 75 90 90  Number = 4

122 122 122 103 103 103 97 97 97 106 106 90 90 90 104 104 104 90 90 90 90 90 90 90 90 59 59 59 56 56 57 57 57 33 33 33 21 21 21 4 4 2 2 2 18 18 18 20 20 20 23 23 25 25 25 23 23 23 27 27 29 29 29 37 37 37 42 42 42 39 39 54 54 54 57 57 57 66 66 59 59 59 90 90 90 90 90 90 105 105 90 90 90 90 90 90 90 90 90 90 90 90 90 90 90 90 90 79 79 90 90 90 76 76 76 76 76 76 76 76 73 73 73 69 69 69 68 68  Number = 4

90 90 90 90 90 90 76 76 90 90 90 90 90 90 83 83 77 77 77 68 68 69 69 69 55 55 55 42 42 38 38 38 20 20 7 7 7 21 21 21 21 21 29 29 29 29 29 29 29 29 32 32 32 31 31 33 33 33 38 38 38 45 45 45 45 45 53 53 53 53 53 63 63 63 110 110 96 96 96 90 90 90 90 90 90 90 90 90 90 80 80 80 79 79 79 76 76 76 76 76 79 79 68 68 68 79 79 79 66 66 77 77 77 63 63 76 76 76 69 69 69 65 65 61 61 61 123 123  Number = 4

133 133 133 126 126 114 114 114 120 120 113 113 113 122 122 100 100 100 102 102 103 103 103 90 90 90 90 90 76 76 46 46 25 25 25 2 2 10 10 10 16 16 16 16 16 20 20 18 18 18 25 25 22 22 22 20 20 22 22 22 23 23 27 27 27 27 27 27 27 31 31 31 27 27 27 27 27 37 37 111 111 111 121 121 107 107 107 103 103 105 105 105 111 111 90 90 115 115 115 100 100 105 105 105 103 103 105 105 105 122 122 102 102 102 102 102 90 90 90 105 105 90 90 90 74 74 75 75  Number = 4

90 90 90 90 90 90 106 106 106 90 90 90 90 90 90 90 90 90 90 90 90 90 90 90 90 90 90 90 90 90 90 90 90 90 64 64 64 27 27 0 0 0 11 11 11 21 21 21 20 20 20 27 27 25 25 25 29 29 29 24 24 24 33 33 33 33 33 27 27 27 40 40 40 46 46 46 46 46 69 69 69 59 59 59 66 66 66 90 90 90 90 90 90 90 90 102 102 102 90 90 90 100 100 90 90 90 105 105 105 90 90 90 101 101 101 90 90 90 90 90 90 90 90 90 90 90 90 90  Number = 4

145 145 145 142 142 142 124 124 109 109 109 96 96 90 90 90 76 76 83 83 83 67 67 67 50 50 45 45 45 37 37 31 31 31 14 14 8 8 8 0 0 2 2 2 8 8 8 14 14 16 16 16 19 19 19 19 19 27 27 26 26 26 36 36 42 42 42 48 48 48 53 53 59 59 59 61 61 90 90 90 97 97 110 110 110 95 95 95 103 103 97 97 97 103 103 90 90 90 103 103 90 90 90 90 90 90 90 90 90 90 90 90 90 90 90 90 90 90 76 76 76 90 90 77 77 77 70 70  Number = 4

155 155 155 145 145 145 135 135 134 134 134 143 143 143 132 132 129 129 129 129 129 129 118 118 90 90 90 108 108 108 71 71 71 71 71 38 38 38 28 28 6 6 6 1 1 1 13 13 12 12 12 18 18 18 20 20 25 25 25 20 20 20 29 29 36 36 36 29 29 29 40 40 59 59 59 70 70 70 78 78 90 90 90 126 126 126 90 90 106 106 106 90 90 90 90 90 90 90 90 90 90 90 90 90 90 90 90 90 90 90 68 68 90 90 90 58 58 58 71 71 55 55 55 52 52 52 29 29  Number = 4


98 98 98 98 104 104 104 96 96 96 90 90 90 83 83 83 67 67 67 67 36 36 36 12 12 12 2 2 2 8 8 8 11 11 11 11 16 16 16 17 17 17 21 21 21 24 24 24 24 24 24 24 24 24 24 30 30 30 33 33 33 45 45 45 49 49 49 49 68 68 68 149 149 149 114 114 114 119 119 119 115 115 115 115 112 112 112 104 104 104 104 104 104 102 102 102 101 101 101 101 104 104 104 90 90 90 90 90 90 90 90 90 90 90 90 90 90 90 90 83 83 83 90 90 90 74 74 74  Number = 4

74 74 74 90 90 90 75 75 75 82 82 82 62 62 62 59 59 59 47 47 47 48 48 48 35 35 35 36 36 36 27 27 27 18 18 18 6 6 6 0 0 0 16 16 16 25 25 25 27 27 27 35 35 35 36 36 36 45 45 45 41 41 41 51 51 51 55 55 55 51 51 51 73 73 73 108 108 108 96 96 96 102 102 102 90 90 90 90 90 90 90 90 90 90 90 90 90 90 90 90 90 90 90 90 90 74 74 74 74 74 74 77 77 77 64 64 64 68 68 68 64 64 64 62 62 62 57 57  Number = 4

106 106 106 112 112 112 111 111 111 112 112 112 103 103 102 102 102 90 90 90 90 90 90 75 75 75 46 46 37 37 37 23 23 23 12 12 12 0 0 9 9 9 17 17 17 19 19 19 23 23 23 23 23 23 23 23 31 31 31 27 27 27 37 37 35 35 35 41 41 41 55 55 55 53 53 53 73 73 129 129 129 98 98 98 102 102 102 90 90 90 102 102 90 90 90 90 90 90 90 90 90 90 90 90 90 90 76 76 76 74 74 74 74 74 74 66 66 76 76 76 64 64 64 74 74 74 66 66  Number = 4

116 116 116 96 96 96 109 109 109 90 90 90 90 90 90 90 90 90 90 90 75 75 75 58 58 58 41 41 41 47 47 47 12 12 12 4 4 16 16 16 19 19 19 28 28 28 23 23 23 28 28 28 23 23 23 30 30 30 30 30 37 37 37 47 47 47 43 43 43 47 47 47 60 60 67 67 67 110 110 110 111 111 111 90 90 90 105 105 105 90 90 90 90 90 75 75 75 75 75 75 79 79 79 75 75 75 77 77 77 90 90 78 78 78 67 67 67 77 77 77 75 75 75 65 65 65 60 60  Number = 4

133 133 133 133 108 108 108 90 90 90 90 90 90 90 63 63 63 63 59 59 59 52 52 52 52 52 52 52 39 39 39 39 22 22 22 2 2 2 2 10 10 10 14 14 14 26 26 26 26 26 26 26 33 33 33 33 41 41 41 38 38 38 38 45 45 45 62 62 62 62 56 56 56 72 72 72 72 90 90 90 102 102 102 102 90 90 90 90 90 90 90 90 90 90 90 90 90 79 79 79 79 79 79 79 78 78 78 78 79 79 79 90 90 90 90 78 78 78 76 76 76 76 78 78 78 76 76 76  Number = 4

133 133 133 100 100 100 111 111 111 98 98 98 90 90 90 90 90 90 90 90 90 90 90 90 79 79 79 39 39 39 27 27 27 3 3 3 9 9 9 9 9 9 14 14 14 13 13 13 15 15 15 17 17 17 20 20 20 20 20 20 28 28 28 29 29 29 46 46 46 60 60 60 90 90 90 131 131 131 99 99 99 111 111 111 106 106 106 105 105 105 108 108 108 108 108 108 90 90 90 110 110 110 90 90 90 90 90 90 90 90 90 90 90 90 90 90 90 71 71 71 71 71 71 71 71 71 51 51  Number = 4

110 110 110 90 90 90 90 90 76 76 76 68 68 68 58 58 58 58 58 46 46 46 46 46 25 25 25 25 25 15 15 15 2 2 0 0 0 10 10 10 18 18 26 26 26 20 20 20 27 27 27 27 27 31 31 36 36 36 43 43 43 39 39 46 46 46 55 55 71 71 71 90 90 90 127 127 174 174 174 131 131 123 123 123 131 131 131 120 120 115 115 115 115 115 115 115 115 115 115 115 108 108 99 99 99 110 110 110 101 101 90 90 90 101 101 90 90 90 76 76 76 63 63 70 70 70 55 55  Number = 4

130 130 130 117 117 117 119 119 103 103 103 90 90 90 90 90 67 67 71 71 71 55 55 47 47 47 33 33 28 28 28 12 12 2 2 2 0 0 11 11 11 13 13 12 12 12 17 17 21 21 21 26 26 28 28 28 38 38 40 40 40 45 45 65 65 65 82 82 90 90 90 96 96 123 123 123 140 140 177 177 177 132 132 137 137 137 126 126 119 119 119 115 115 112 112 112 119 119 112 112 112 101 101 101 101 101 101 101 101 101 101 101 101 90 90 90 102 102 90 90 90 90 90 90 90 90 82 82  Number = 4

133 133 133 116 116 116 113 113 113 101 101 103 103 103 96 96 96 90 90 90 77 77 69 69 69 50 50 50 48 48 41 41 41 29 29 29 15 15 15 2 2 0 0 0 7 7 7 13 13 13 18 18 17 17 17 22 22 22 22 22 29 29 29 34 34 34 34 34 34 40 40 44 44 44 54 54 54 57 57 74 74 74 164 164 164 121 121 121 112 112 121 121 121 112 112 112 116 116 116 101 101 104 104 104 101 101 101 90 90 90 90 90 90 90 90 90 90 90 90 90 75 75 75 74 74 74 74 74  Number = 4


96 96 96 96 95 95 95 105 105 105 105 100 100 100 104 104 104 101 101 101 101 102 102 102 90 90 90 48 48 48 48 20 20 20 2 2 2 2 20 20 20 28 28 28 28 28 28 28 22 22 22 26 26 26 22 22 22 22 28 28 28 25 25 25 30 30 30 30 33 33 33 43 43 43 43 58 58 58 76 76 76 134 134 134 134 113 113 113 105 105 105 115 115 115 115 109 109 109 101 101 101 101 113 113 113 103 103 103 90 90 90 90 96 96 96 90 90 90 90 90 90 90 70 70 70 70 70 70  Number = 4

129 129 129 129 125 125 125 99 99 99 90 90 90 90 79 79 79 39 39 39 33 33 33 20 20 20 20 16 16 16 5 5 5 0 0 0 0 15 15 15 17 17 17 20 20 20 20 20 20 20 20 20 20 37 37 37 53 53 53 53 78 78 78 112 112 112 121 121 121 155 155 155 155 137 137 137 126 126 126 126 126 126 126 121 121 121 123 123 123 110 110 110 120 120 120 120 90 90 90 90 90 90 90 90 90 90 90 90 90 69 69 69 72 72 72 50 50 50 50 58 58 58 50 50 50 48 48 48  Number = 4

115 115 115 108 108 108 111 111 105 105 105 108 108 113 113 113 108 108 90 90 90 106 106 106 90 90 90 90 90 90 90 7 7 7 3 3 4 4 4 0 0 0 0 0 3 3 3 0 0 3 3 3 0 0 29 29 29 64 64 72 72 72 66 66 73 73 73 74 74 74 90 90 72 72 72 80 80 90 90 90 71 71 81 81 81 80 80 80 90 90 72 72 72 90 90 90 90 90 90 90 90 90 90 90 90 90 90 90 101 101 101 107 107 90 90 90 107 107 107 107 107 117 117 90 90 90 99 99  Number = 4

