90 90 90 71 71 71 47 47 47 35 35 30 30 30 26 26 26 22 22 22 15 15 10 10 10 2 2 2 20 20 45 45 45 65 65 65 67 67 67 90 90 90 90 90 90 90 90 123 123 123 123 123 129 129 129 141 141 141 149 149 145 145 145 149 149 149 149 149 149 149 149 149 149 149 159 159 159 149 149 155 155 155 149 149 149 151 151 151 155 155 145 145 145 147 147 147 4 4 4 10 10 5 5 5 1 1 1 0 0 0 0 0 3 3 3 2 2 2 6 6 3 3 3 5 5 5 3 3  Number = 2

125 125 125 97 97 97 90 90 90 76 76 53 53 53 41 41 41 35 35 35 18 18 6 6 6 0 0 0 2 2 13 13 13 15 15 15 32 32 32 38 38 54 54 54 54 54 54 65 65 65 77 77 90 90 90 90 90 90 102 102 119 119 119 122 122 122 122 122 122 130 130 137 137 137 134 134 134 145 145 138 138 138 138 138 138 142 142 142 144 144 130 130 130 54 54 54 2 2 2 2 2 4 4 4 0 0 0 0 0 0 0 0 4 4 4 0 0 0 5 5 4 4 4 4 4 4 2 2  Number = 2

50 50 50 24 24 24 15 15 15 16 16 16 18 18 18 12 12 12 6 6 12 12 12 0 0 0 6 6 6 0 0 0 0 0 0 7 7 7 7 7 15 15 15 24 24 24 38 38 38 73 73 73 95 95 95 111 111 122 122 122 120 120 120 126 126 126 120 120 120 137 137 137 130 130 130 130 130 130 130 130 135 135 135 124 124 124 123 123 123 115 115 115 102 102 50 50 50 15 15 15 3 3 3 0 0 0 0 0 0 8 8 0 0 0 0 0 0 5 5 5 0 0 0 0 0 0 0 0  Number = 2

56 56 56 56 16 16 16 10 10 10 7 7 7 6 6 6 5 5 5 5 0 0 0 0 0 0 0 0 0 0 0 0 6 6 6 6 23 23 23 62 62 62 109 109 109 124 124 124 119 119 119 119 125 125 125 130 130 130 130 130 130 125 125 125 126 126 126 126 130 130 130 136 136 136 131 131 131 130 130 130 120 120 120 120 115 115 115 90 90 90 40 40 40 3 3 3 3 3 3 3 0 0 0 0 0 0 0 0 0 0 0 0 0 0 0 0 0 0 0 0 0 0 0 0 0 0 0 0  Number = 2

90 90 90 36 36 36 17 17 17 2 2 2 5 5 0 0 0 0 0 0 0 0 0 0 0 0 6 6 11 11 11 11 11 11 17 17 17 30 30 78 78 78 119 119 119 129 129 129 137 137 137 146 146 143 143 143 143 143 143 143 143 143 137 137 149 149 149 143 143 143 137 137 137 143 143 143 137 137 134 134 134 138 138 138 132 132 132 119 119 119 95 95 15 15 15 0 0 0 0 0 0 6 6 2 2 2 5 5 5 0 0 0 0 0 0 0 0 0 0 0 0 0 0 0 0 0 3 3  Number = 2

112 112 112 112 90 90 90 90 90 90 90 90 90 67 67 67 58 58 58 36 36 36 22 22 22 7 7 7 7 1 1 1 1 1 1 6 6 6 20 20 20 24 24 24 46 46 46 60 60 60 68 68 68 68 90 90 90 111 111 111 141 141 141 149 149 149 151 151 151 155 155 155 155 155 155 159 159 159 159 155 155 155 162 162 162 155 155 155 159 159 159 146 146 146 161 161 161 131 131 131 50 50 50 50 3 3 3 0 0 0 0 0 0 2 2 2 1 1 1 0 0 0 0 0 0 3 3 3  Number = 2

90 90 90 75 75 75 83 83 83 68 68 68 83 83 83 56 56 56 54 54 54 36 36 36 13 13 13 4 4 4 0 0 0 0 0 0 2 2 2 8 8 8 11 11 11 18 18 18 30 30 30 51 51 51 68 68 68 90 90 90 96 96 96 125 125 125 130 130 130 126 126 126 134 134 134 138 138 138 140 140 140 136 136 136 138 138 138 144 144 144 138 138 138 141 141 141 128 128 128 82 82 82 2 2 2 0 0 0 0 0 0 0 0 0 0 0 0 0 0 0 0 0 0 0 0 0 0 0  Number = 2

73 73 73 54 54 54 27 27 27 18 18 13 13 13 2 2 2 3 3 3 0 0 0 0 0 0 0 0 0 0 4 4 4 9 9 9 22 22 22 51 51 90 90 90 112 112 112 122 122 122 137 137 136 136 136 141 141 141 141 141 147 147 147 146 146 146 147 147 147 147 147 156 156 156 152 152 152 146 146 160 160 160 146 146 146 157 157 157 156 156 152 152 152 147 147 147 146 146 146 22 22 0 0 0 6 6 6 1 1 6 6 6 3 3 3 3 3 3 3 3 0 0 0 0 0 0 0 0  Number = 2

35 35 35 18 18 18 15 15 15 11 11 11 2 2 2 5 5 5 0 0 0 0 0 0 0 0 0 11 11 11 16 16 16 41 41 41 90 90 90 104 104 104 106 106 106 119 119 119 128 128 128 130 130 130 130 130 130 130 130 130 136 136 136 141 141 141 130 130 130 135 135 135 141 141 141 132 132 132 130 130 130 135 135 135 122 122 122 101 101 101 18 18 18 0 0 0 0 0 0 0 0 0 0 0 0 0 0 0 0 0 0 0 0 0 5 5 5 0 0 0 0 0 0 0 0 0 0 0  Number = 2

21 21 21 21 18 18 18 10 10 10 8 8 8 12 12 12 5 5 5 5 5 5 0 0 0 0 0 0 0 0 0 38 38 38 84 84 84 90 90 90 112 112 112 115 115 115 117 117 117 122 122 122 131 131 131 125 125 125 135 135 135 136 136 136 135 135 135 135 141 141 141 136 136 136 135 135 135 135 135 135 124 124 124 120 120 120 106 106 106 26 26 26 0 0 0 3 3 3 3 3 3 0 0 0 0 0 0 0 0 0 0 0 0 0 0 0 5 5 5 6 6 6 6 6 6 10 10 10  Number = 2

131 131 131 131 98 98 98 52 52 52 52 38 38 38 13 13 13 5 5 5 5 0 0 0 5 5 5 11 11 11 11 21 21 21 30 30 30 30 36 36 36 66 66 66 77 77 77 77 103 103 103 114 114 114 140 140 140 140 136 136 136 143 143 143 150 150 150 150 149 149 149 149 149 149 149 154 154 154 154 154 154 162 162 162 162 159 159 159 157 157 157 152 152 152 152 4 4 4 6 6 6 6 3 3 3 0 0 0 0 0 0 0 0 0 0 3 3 3 5 5 5 5 3 3 3 6 6 6  Number = 2

74 74 74 74 57 57 57 57 51 51 51 51 35 35 35 35 35 35 35 29 29 29 29 15 15 15 15 5 5 5 5 2 2 2 15 15 15 15 48 48 48 48 82 82 82 82 90 90 90 101 101 101 101 110 110 110 110 131 131 131 131 126 126 126 137 137 137 137 134 134 134 134 145 145 145 145 141 141 141 141 145 145 145 144 144 144 144 139 139 139 139 123 123 123 123 5 5 5 4 4 4 4 7 7 7 7 4 4 4 4 0 0 0 0 0 0 0 0 0 0 0 0 0 0 0 2 2 2  Number = 2

95 95 95 95 95 72 72 72 72 42 42 42 42 34 34 34 34 34 22 22 22 22 19 19 19 19 12 12 12 12 6 6 6 6 6 0 0 0 0 9 9 9 9 36 36 36 36 67 67 67 67 67 90 90 90 90 90 90 90 90 95 95 95 95 108 108 108 108 108 116 116 116 116 113 113 113 113 116 116 116 116 116 110 110 110 110 113 113 113 113 110 110 110 110 107 107 107 107 107 43 43 43 43 3 3 3 3 0 0 0 0 0 0 0 0 0 0 0 0 0 0 0 0 0 0 0 0 0  Number = 2

49 49 49 49 49 26 26 26 26 22 22 22 22 22 22 22 22 16 16 16 16 18 18 18 18 8 8 8 8 5 5 5 5 5 10 10 10 10 0 0 0 0 0 0 0 0 8 8 8 8 58 58 58 58 90 90 90 90 90 90 90 90 101 101 101 101 101 116 116 116 116 111 111 111 111 126 126 126 126 126 126 126 126 130 130 130 130 132 132 132 132 130 130 130 130 139 139 139 139 139 139 139 139 139 121 121 121 121 8 8 8 8 0 0 0 0 0 0 0 0 2 2 2 2 0 0 0 0  Number = 2

24 24 24 24 13 13 13 7 7 7 7 2 2 2 0 0 0 0 0 0 0 2 2 2 2 12 12 12 24 24 24 24 61 61 61 90 90 90 90 112 112 112 122 122 122 125 125 125 125 136 136 136 138 138 138 138 145 145 145 145 145 145 145 145 145 145 145 145 145 145 150 150 150 150 150 150 150 150 150 150 155 155 155 155 150 150 150 34 34 34 4 4 4 4 0 0 0 2 2 2 2 3 3 3 3 3 3 3 5 5 5 4 4 4 4 9 9 9 6 6 6 6 11 11 11 9 9 9  Number = 2

48 48 48 48 38 38 38 35 35 35 30 30 30 22 22 22 18 18 18 8 8 8 5 5 5 0 0 0 6 6 6 13 13 13 25 25 25 35 35 35 55 55 55 61 61 61 83 83 83 90 90 90 90 90 90 95 95 95 118 118 118 120 120 120 124 124 124 124 137 137 137 134 134 134 144 144 144 144 144 144 139 139 139 149 149 149 151 151 151 124 124 124 19 19 19 2 2 2 4 4 4 0 0 0 0 0 0 2 2 2 0 0 0 5 5 5 6 6 6 10 10 10 5 5 5 16 16 16  Number = 2

40 40 40 40 21 21 21 21 14 14 14 14 11 11 11 11 2 2 2 2 4 4 4 4 0 0 0 0 4 4 4 4 7 7 7 18 18 18 18 32 32 32 32 53 53 53 53 83 83 83 83 90 90 90 90 108 108 108 108 124 124 124 124 118 118 118 128 128 128 128 141 141 141 141 128 128 128 128 141 141 141 141 141 141 141 141 147 147 147 147 147 147 147 147 147 147 147 141 141 141 141 9 9 9 9 2 2 2 2 0 0 0 0 0 0 0 0 0 0 0 0 0 0 0 0 0 0 0  Number = 2

47 47 47 47 40 40 40 38 38 38 29 29 29 16 16 16 18 18 18 18 12 12 12 6 6 6 5 5 5 0 0 0 0 0 0 0 14 14 14 22 22 22 50 50 50 73 73 73 90 90 90 90 105 105 105 113 113 113 124 124 124 122 122 122 130 130 130 130 130 130 130 135 135 135 136 136 136 135 135 135 141 141 141 141 137 137 137 141 141 141 130 130 130 113 113 113 14 14 14 14 0 0 0 0 0 0 6 6 6 0 0 0 0 0 0 0 0 0 0 0 0 0 0 0 0 0 0 0  Number = 2

48 48 48 48 36 36 36 39 39 39 28 28 28 28 26 26 26 14 14 14 12 12 12 12 12 12 12 5 5 5 0 0 0 0 0 0 0 5 5 5 23 23 23 64 64 64 85 85 85 85 94 94 94 109 109 109 112 112 112 112 127 127 127 127 127 127 134 134 134 121 121 121 121 134 134 134 129 129 129 136 136 136 136 135 135 135 129 129 129 133 133 133 112 112 112 112 9 9 9 0 0 0 0 0 0 0 0 0 0 0 0 0 0 0 0 0 0 0 0 0 0 0 0 0 0 0 0 0  Number = 2

37 37 37 37 20 20 20 9 9 9 9 2 2 2 4 4 4 0 0 0 0 8 8 8 10 10 10 12 12 12 12 21 21 21 31 31 31 31 50 50 50 77 77 77 90 90 90 90 117 117 117 131 131 131 131 131 131 131 137 137 137 143 143 143 142 142 142 142 143 143 143 153 153 153 153 143 143 143 152 152 152 142 142 142 142 148 148 148 153 153 153 116 116 116 116 7 7 7 0 0 0 0 0 0 0 0 0 0 0 0 0 0 3 3 3 0 0 0 0 0 0 0 4 4 4 0 0 0  Number = 2

49 49 49 49 16 16 16 16 16 16 16 7 7 7 4 4 4 6 6 6 6 5 5 5 0 0 0 0 0 0 0 5 5 5 16 16 16 16 20 20 20 58 58 58 90 90 90 90 114 114 114 117 117 117 129 129 129 129 125 125 125 135 135 135 133 133 133 133 140 140 140 135 135 135 135 140 140 140 133 133 133 139 139 139 139 139 139 139 139 139 139 133 133 133 133 71 71 71 0 0 0 0 2 2 2 0 0 0 4 4 4 4 0 0 0 4 4 4 0 0 0 0 0 0 0 0 0 0  Number = 2

40 40 40 40 26 26 26 19 19 19 19 23 23 23 19 19 19 14 14 14 14 14 14 14 7 7 7 6 6 6 6 0 0 0 0 0 0 0 0 0 0 16 16 16 14 14 14 14 28 28 28 37 37 37 46 46 46 46 65 65 65 75 75 75 81 81 81 81 90 90 90 106 106 106 106 113 113 113 117 117 117 119 119 119 119 127 127 127 132 132 132 123 123 123 123 127 127 127 118 118 118 118 103 103 103 25 25 25 0 0 0 0 0 0 0 3 3 3 0 0 0 0 0 0 0 0 0 0  Number = 2

79 79 79 79 51 51 51 51 38 38 38 38 36 36 36 36 24 24 24 18 18 18 18 8 8 8 8 11 11 11 11 0 0 0 0 0 0 0 0 0 0 0 5 5 5 5 15 15 15 32 32 32 32 74 74 74 74 90 90 90 90 90 90 90 103 103 103 103 115 115 115 115 116 116 116 116 125 125 125 125 121 121 121 131 131 131 131 118 118 118 118 121 121 121 121 108 108 108 90 90 90 90 54 54 54 54 9 9 9 9 0 0 0 3 3 3 3 0 0 0 0 6 6 6 6 3 3 3  Number = 2

57 57 57 57 44 44 44 44 35 35 35 30 30 30 30 24 24 24 18 18 18 18 13 13 13 14 14 14 14 9 9 9 0 0 0 0 0 0 0 0 14 14 14 70 70 70 70 90 90 90 90 90 90 90 100 100 100 113 113 113 113 120 120 120 122 122 122 122 128 128 128 128 128 128 128 129 129 129 129 129 129 129 135 135 135 135 126 126 126 105 105 105 105 13 13 13 3 3 3 3 6 6 6 6 7 7 7 5 5 5 5 6 6 6 6 6 6 6 6 6 6 3 3 3 3 13 13 13  Number = 2

54 54 54 54 27 27 27 29 29 29 29 20 20 20 16 16 16 16 12 12 12 3 3 3 3 0 0 0 0 0 0 0 18 18 18 37 37 37 37 56 56 56 84 84 84 90 90 90 90 95 95 95 108 108 108 108 117 117 117 122 122 122 122 121 121 121 125 125 125 125 131 131 131 125 125 125 125 128 128 128 133 133 133 133 125 125 125 101 101 101 9 9 9 9 3 3 3 0 0 0 0 0 0 0 0 0 0 0 5 5 5 5 5 5 5 4 4 4 6 6 6 6 16 16 16 24 24 24  Number = 2

37 37 37 37 17 17 17 17 5 5 5 5 6 6 6 6 0 0 0 0 0 0 0 0 6 6 6 6 12 12 12 12 15 15 15 29 29 29 29 39 39 39 39 58 58 58 58 78 78 78 78 90 90 90 90 113 113 113 113 118 118 118 118 123 123 123 133 133 133 133 136 136 136 136 136 136 136 136 133 133 133 133 129 129 129 129 131 131 131 131 115 115 115 115 34 34 34 0 0 0 0 0 0 0 0 0 0 0 0 0 0 0 0 0 0 0 0 0 0 0 0 0 0 0 0 9 9 9  Number = 2

38 38 38 38 24 24 24 24 17 17 17 15 15 15 15 8 8 8 8 7 7 7 0 0 0 0 0 0 0 0 12 12 12 13 13 13 13 17 17 17 17 30 30 30 32 32 32 32 52 52 52 52 70 70 70 69 69 69 69 90 90 90 90 99 99 99 121 121 121 121 117 117 117 117 127 127 127 134 134 134 134 134 134 134 134 136 136 136 138 138 138 138 141 141 141 141 127 127 127 115 115 115 115 2 2 2 2 5 5 5 0 0 0 0 4 4 4 4 5 5 5 0 0 0 0 2 2 2  Number = 2

70 70 70 70 70 61 61 61 61 60 60 60 60 44 44 44 44 44 44 44 44 44 26 26 26 26 24 24 24 24 0 0 0 0 0 34 34 34 34 68 68 68 68 76 76 76 76 76 76 76 76 76 85 85 85 85 82 82 82 82 82 82 82 82 90 90 90 90 90 97 97 97 97 96 96 96 96 94 94 94 94 94 59 59 59 59 8 8 8 8 9 9 9 9 3 3 3 3 3 18 18 18 18 9 9 9 9 14 14 14 14 24 24 24 24 24 9 9 9 9 19 19 19 19 11 11 11 11  Number = 2

83 83 83 83 83 38 38 38 38 27 27 27 27 20 20 20 20 20 11 11 11 11 2 2 2 2 15 15 15 15 54 54 54 54 54 76 76 76 76 90 90 90 90 113 113 113 113 108 108 108 108 108 121 121 121 121 129 129 129 129 127 127 127 127 123 123 123 123 123 131 131 131 131 113 113 113 113 123 123 123 123 123 90 90 90 90 48 48 48 48 8 8 8 8 5 5 5 5 5 7 7 7 7 2 2 2 2 4 4 4 4 0 0 0 0 0 4 4 4 4 5 5 5 5 2 2 2 2  Number = 2

40 40 40 40 22 22 22 22 20 20 20 20 17 17 17 17 17 17 17 8 8 8 8 5 5 5 5 6 6 6 6 0 0 0 0 0 0 0 6 6 6 6 24 24 24 24 54 54 54 69 69 69 69 74 74 74 74 90 90 90 90 90 90 90 99 99 99 99 104 104 104 104 123 123 123 123 116 116 116 116 126 126 126 126 126 126 126 126 126 126 126 119 119 119 119 95 95 95 37 37 37 37 10 10 10 10 6 6 6 6 3 3 3 6 6 6 6 3 3 3 3 6 6 6 6 6 6 6  Number = 2

51 51 51 51 38 38 38 38 38 38 38 29 29 29 29 18 18 18 18 16 16 16 3 3 3 3 0 0 0 0 3 3 3 17 17 17 17 18 18 18 18 28 28 28 32 32 32 32 54 54 54 54 67 67 67 73 73 73 73 90 90 90 90 100 100 100 117 117 117 117 114 114 114 114 122 122 122 120 120 120 120 117 117 117 117 128 128 128 106 106 106 106 112 112 112 112 78 78 78 47 47 47 47 16 16 16 16 3 3 3 3 3 3 3 0 0 0 0 0 0 0 5 5 5 5 12 12 12  Number = 2

