163 163 170 170 174 174 180 180 176 176 173 173 162 162 167 167 158 158 155 155 153 153 152 149 149 139 139 131 131 106 106 106 106 49 49 21 21 8 8 3 3 3 3 5 11 11 16 16 14 14 19 19 22 22 26 26 26 26 42 42 46 46 55 55 82 98 98 135 135 113 113 73 73 81 81 62 62 77 77 73 73 77 77 73 73 73 90 90 65 65 77 77 77 77 73 73 73 73 90 90 90 90 106 106 124 124 149 158 158 167 167 171 171 174 174 176 176 180 180 180 180 180 180 180 180 180 180 180  Number = 9

132 132 132 170 170 180 180 167 167 167 157 157 153 153 143 143 143 143 143 135 135 117 117 117 119 119 96 96 82 82 82 45 45 14 14 0 0 0 2 2 11 11 11 11 11 17 17 20 20 24 24 24 26 26 34 34 41 41 41 82 82 90 90 112 112 112 143 143 96 96 104 104 104 90 90 104 104 104 104 104 90 90 104 104 104 104 104 100 100 101 101 101 101 101 102 102 117 117 104 104 104 130 130 151 151 162 162 162 175 175 180 180 180 180 180 180 180 180 180 176 176 176 177 177 169 169 161 161  Number = 9

160 160 177 177 177 177 164 164 161 161 155 155 150 150 150 150 141 141 128 128 131 131 120 101 101 102 102 90 90 65 65 62 62 43 43 26 26 11 11 2 2 2 2 11 16 16 15 15 24 24 21 21 25 25 34 34 33 33 38 38 33 33 52 52 59 61 61 90 90 126 126 172 172 112 112 96 96 97 97 102 102 105 105 100 100 104 111 111 104 104 120 120 114 114 127 127 131 131 131 131 131 131 138 138 139 139 158 163 163 164 164 166 166 166 166 168 168 175 175 173 173 175 175 180 180 160 160 74  Number = 9

150 150 150 163 163 164 164 169 169 167 167 167 170 170 174 174 178 178 180 180 180 169 169 151 151 138 138 136 136 136 122 122 105 105 90 90 90 90 90 46 46 46 46 37 37 15 15 15 5 5 0 0 6 6 5 5 5 5 5 10 10 9 9 17 17 17 23 23 46 46 80 80 90 90 90 99 99 106 106 114 114 99 99 99 107 107 120 120 116 116 104 104 104 119 119 130 130 119 119 138 138 138 142 142 142 142 150 150 151 151 151 156 156 162 162 160 160 170 170 170 178 178 180 180 178 178 178 178  Number = 9

90 90 90 90 115 115 115 144 144 144 163 163 163 180 180 180 156 156 156 154 154 154 140 140 140 132 132 132 132 132 132 121 121 121 108 108 108 71 71 71 24 24 24 3 3 3 5 5 5 19 19 19 24 24 24 27 27 27 32 32 32 35 35 35 32 32 32 32 47 47 47 66 66 66 125 125 125 115 115 115 119 119 119 119 119 119 125 125 125 121 121 121 125 125 125 132 132 132 134 134 134 132 132 132 136 136 136 150 150 150 150 150 150 163 163 163 173 173 173 176 176 176 173 173 173 163 163 163  Number = 9

143 143 143 170 170 170 174 174 174 164 164 164 154 154 154 141 141 141 131 131 131 122 122 122 101 101 101 90 90 90 62 62 30 30 30 9 9 9 6 6 6 21 21 21 26 26 26 30 30 30 33 33 33 36 36 36 30 30 30 41 41 41 48 48 73 73 73 138 138 138 120 120 120 124 124 124 126 126 126 126 126 126 126 126 126 117 117 117 134 134 134 128 128 128 133 133 134 134 134 135 135 135 141 141 141 141 141 141 146 146 146 152 152 152 154 154 154 160 160 160 173 173 173 176 176 176 119 119  Number = 9

149 149 149 180 180 180 159 159 147 147 147 143 143 143 130 130 136 136 136 130 130 119 119 119 115 115 115 101 101 103 103 103 78 78 38 38 38 7 7 7 12 12 19 19 19 23 23 23 26 26 25 25 25 35 35 30 30 30 35 35 35 37 37 47 47 47 54 54 83 83 83 104 104 104 125 125 109 109 109 116 116 119 119 119 122 122 122 128 128 124 124 124 134 134 134 136 136 134 134 134 138 138 134 134 134 143 143 143 143 143 144 144 144 149 149 158 158 158 177 177 177 174 174 174 174 174 137 137  Number = 9

73 73 73 146 146 146 160 160 160 171 171 171 177 177 177 170 170 170 161 161 161 149 149 149 140 140 140 113 113 113 120 120 90 90 90 61 61 61 50 50 50 33 33 33 8 8 8 6 6 6 21 21 21 27 27 27 32 32 32 36 36 36 51 51 98 98 98 82 82 82 118 118 118 113 113 113 128 128 128 122 122 122 122 122 122 129 129 129 129 129 129 129 129 129 135 135 128 128 128 143 143 143 140 140 140 143 143 143 157 157 157 170 170 170 180 180 180 173 173 173 171 171 171 167 167 167 90 90  Number = 9

122 122 122 152 152 168 168 168 173 173 175 175 175 164 164 152 152 152 144 144 135 135 135 131 131 124 124 124 104 104 104 104 51 51 51 18 18 2 2 2 9 9 14 14 14 17 17 21 21 21 22 22 27 27 27 27 27 51 51 51 73 73 113 113 73 73 73 35 35 53 53 53 51 51 67 67 67 90 90 90 90 90 90 90 125 125 125 113 113 133 133 133 124 124 139 139 143 143 143 141 141 152 152 152 154 154 154 154 154 161 161 168 168 168 177 177 180 180 180 170 170 161 161 161 154 154 133 133  Number = 9

54 54 54 120 120 120 155 155 164 164 164 180 180 180 180 180 161 161 161 152 152 152 142 142 129 129 129 108 108 108 100 100 70 70 70 48 48 48 30 30 11 11 11 5 5 5 6 6 13 13 13 19 19 19 27 27 48 48 48 50 50 50 66 66 83 83 83 131 131 131 100 100 104 104 104 111 111 111 116 116 109 109 109 117 117 117 111 111 121 121 121 128 128 128 131 131 138 138 138 150 150 150 152 152 161 161 161 170 170 170 177 177 180 180 180 177 177 177 180 180 168 168 168 171 171 171 120 120  Number = 9

90 90 90 109 109 109 136 136 136 165 165 165 180 180 160 160 160 150 150 150 143 143 143 142 142 142 129 129 123 123 123 95 95 95 55 55 55 2 2 2 2 2 7 7 7 12 12 12 10 10 10 21 21 19 19 19 15 15 15 31 31 31 38 38 69 69 69 136 136 136 102 102 102 100 100 100 102 102 106 106 106 112 112 112 110 110 110 118 118 118 121 121 125 125 125 125 125 125 137 137 137 139 139 153 153 153 163 163 163 170 170 170 175 175 175 180 180 180 180 180 174 174 174 175 175 175 180 180  Number = 9

132 132 132 139 139 139 155 155 155 175 175 180 180 180 165 165 165 161 161 161 155 155 151 151 151 151 151 151 136 136 140 140 140 109 109 109 90 90 90 52 52 11 11 11 7 7 7 12 12 12 13 13 21 21 21 17 17 17 20 20 23 23 23 20 20 20 24 24 24 24 24 28 28 28 112 112 112 119 119 112 112 112 122 122 122 122 122 122 119 119 124 124 124 114 114 114 132 132 132 132 132 127 127 127 144 144 144 151 151 153 153 153 165 165 165 162 162 162 168 168 177 177 177 175 175 175 180 180  Number = 9

172 172 172 166 166 166 150 150 147 147 147 131 131 122 122 122 103 103 67 67 67 13 13 13 2 2 9 9 9 14 14 16 16 16 22 22 29 29 29 35 35 63 63 63 90 90 90 120 120 169 169 169 104 104 74 74 74 69 69 82 82 82 74 74 90 90 90 90 90 90 90 90 90 90 90 105 105 97 97 97 115 115 96 96 96 116 116 116 110 110 116 116 116 127 127 140 140 140 144 144 155 155 155 166 166 177 177 177 180 180 180 180 180 175 175 175 175 175 175 175 175 175 175 150 150 150 59 59  Number = 9

178 178 178 175 175 175 169 169 169 165 165 165 161 161 161 164 164 164 159 159 159 146 146 146 139 139 139 90 90 90 29 29 29 9 9 9 1 1 1 2 2 2 8 8 8 10 10 10 10 10 10 18 18 18 38 38 38 55 55 55 77 77 77 135 135 135 157 157 157 169 169 169 135 135 135 132 132 132 122 122 122 90 90 90 90 90 90 90 90 90 90 90 90 90 90 90 90 90 90 90 90 90 113 113 113 101 101 101 113 113 113 139 139 139 146 146 146 159 159 159 165 165 165 175 175 175 172 172  Number = 9

180 180 180 180 159 159 159 148 148 148 148 142 142 142 142 142 142 129 129 129 129 99 99 99 121 121 121 90 90 90 90 79 79 79 22 22 22 22 4 4 4 7 7 7 18 18 18 18 27 27 27 27 27 27 39 39 39 39 48 48 48 90 90 90 150 150 150 150 121 121 121 116 116 116 116 127 127 127 125 125 125 123 123 123 123 134 134 134 127 127 127 131 131 131 131 125 125 125 117 117 117 117 137 137 137 149 149 149 140 140 140 140 159 159 159 176 176 176 176 176 176 176 172 172 172 163 163 163  Number = 9

65 65 65 75 75 85 85 108 108 108 126 126 137 137 168 168 180 180 180 157 157 155 155 147 147 147 145 145 142 142 137 137 137 137 137 133 133 132 132 126 126 126 118 118 104 104 85 85 27 27 27 7 7 6 6 16 16 16 26 26 27 27 33 33 31 31 31 34 34 33 33 42 42 42 48 48 80 80 69 69 99 99 99 104 104 120 120 122 122 122 118 118 120 120 124 124 128 128 128 132 132 131 131 145 145 145 155 155 175 175 172 172 170 170 170 172 172 175 175 166 166 166 173 173 164 164 163 163  Number = 9

96 96 96 141 141 152 152 152 166 166 172 172 172 180 180 172 172 160 160 160 155 155 144 144 144 120 120 120 120 90 90 90 78 78 58 58 58 38 38 27 27 27 9 9 6 6 25 25 25 35 35 46 46 46 48 48 83 83 44 44 44 41 41 64 64 64 32 32 54 54 54 102 102 107 107 110 110 110 115 115 111 111 111 113 113 102 102 111 111 111 119 119 116 116 116 125 125 144 144 144 150 150 150 150 155 155 155 163 163 165 165 165 176 176 174 174 176 176 176 180 180 180 180 180 171 171 150 150  Number = 9

160 160 160 160 171 171 171 161 161 161 161 143 143 143 143 143 143 128 128 128 128 131 131 131 119 119 119 90 90 90 90 48 48 48 2 2 2 2 12 12 12 22 22 22 25 25 25 25 28 28 28 33 33 33 45 45 45 45 45 45 45 60 60 60 83 83 83 83 134 134 134 101 101 101 101 90 90 90 94 94 94 100 100 100 100 101 101 101 101 101 101 107 107 107 107 119 119 119 119 119 119 119 152 152 152 170 170 170 176 176 176 176 173 173 173 180 180 180 180 180 180 180 180 180 180 163 163 163  Number = 9

169 169 169 177 177 177 175 175 175 162 162 162 162 162 155 155 155 155 155 155 151 151 136 136 136 140 140 140 117 117 90 90 90 47 47 47 11 11 11 4 4 2 2 2 3 3 3 0 0 0 0 0 0 0 0 9 9 9 8 8 19 19 19 52 52 52 58 58 58 67 67 90 90 90 127 127 127 97 97 74 74 74 83 83 83 90 90 90 78 78 74 74 74 75 75 75 90 90 90 90 90 90 90 90 105 105 105 119 119 140 140 140 170 170 170 180 180 180 180 180 180 180 180 180 180 180 180 180  Number = 9

165 165 165 177 177 177 180 180 180 170 170 160 160 160 157 157 157 147 147 147 147 147 142 142 142 128 128 128 125 125 90 90 90 76 76 76 50 50 50 27 27 14 14 14 14 14 14 0 0 0 0 0 0 0 0 11 11 11 11 11 20 20 20 13 13 13 29 29 29 43 43 47 47 47 71 71 71 90 90 135 135 135 103 103 103 117 117 117 107 107 114 114 114 120 120 120 121 121 121 130 130 134 134 134 150 150 150 149 149 153 153 153 164 164 164 172 172 172 174 174 177 177 177 180 180 180 171 171  Number = 9

165 165 165 172 172 172 177 177 173 173 173 167 167 166 166 166 151 151 163 163 163 147 147 147 153 153 143 143 143 124 124 111 111 111 90 90 41 41 41 13 13 0 0 0 0 0 0 12 12 10 10 10 10 10 15 15 15 15 15 23 23 23 26 26 38 38 38 49 49 49 82 82 119 119 119 68 68 90 90 90 104 104 103 103 103 102 102 102 96 96 117 117 117 130 130 117 117 117 128 128 130 130 130 132 132 146 146 146 149 149 149 163 163 177 177 177 180 180 175 175 175 180 180 175 175 175 177 177  Number = 9

173 173 173 175 175 168 168 166 166 169 169 169 163 163 161 161 161 161 157 157 156 156 156 148 148 144 144 127 127 114 114 90 90 90 39 39 8 8 5 5 11 11 19 19 19 20 20 22 22 22 22 22 22 23 23 23 31 31 27 27 35 35 37 37 50 50 50 48 48 67 67 74 74 90 90 90 152 152 129 129 114 114 122 122 111 111 111 120 120 122 122 114 114 131 131 120 120 120 124 124 120 120 115 115 127 127 136 136 136 141 141 147 147 147 147 155 155 154 154 154 155 155 158 158 152 152 163 163  Number = 9

151 151 151 174 174 174 174 151 151 151 152 152 150 150 146 146 140 140 140 135 135 137 137 116 116 116 123 123 90 90 90 90 54 54 54 27 27 5 5 5 5 5 15 15 13 13 21 21 15 15 15 27 27 27 27 23 23 23 27 27 33 33 33 33 42 42 42 56 56 56 56 83 83 83 77 77 167 167 140 140 122 122 122 118 118 116 116 121 121 121 115 115 116 116 116 116 115 115 115 123 123 120 120 127 127 127 139 139 134 134 138 138 146 146 146 149 149 146 146 154 154 154 157 157 168 168 122 122  Number = 9

109 109 109 147 147 180 180 180 162 162 147 147 147 141 141 139 139 131 131 131 120 120 120 120 120 102 102 102 102 90 90 90 90 90 71 71 71 41 41 8 8 8 2 2 10 10 17 17 17 20 20 24 24 24 27 27 28 28 28 28 28 41 41 37 37 37 48 48 54 54 54 70 70 103 103 141 141 141 108 108 108 108 108 103 103 109 109 121 121 121 120 120 111 111 111 120 120 120 120 120 111 111 132 132 138 138 138 147 147 155 155 155 172 172 177 177 175 175 175 180 180 180 180 180 177 177 174 174  Number = 9

95 95 95 126 126 141 141 158 158 162 162 173 173 180 180 169 169 161 161 152 152 153 153 146 146 143 143 139 139 130 130 122 122 107 107 98 98 90 90 64 64 44 44 24 24 6 6 0 0 18 18 18 18 24 24 26 26 27 27 38 38 32 32 43 43 43 44 44 64 64 64 64 73 73 73 73 90 90 90 90 109 109 103 103 114 114 114 114 122 122 119 119 119 119 122 122 128 128 131 131 136 136 136 136 147 147 141 141 144 144 153 153 166 166 180 180 180 180 176 176 180 180 180 180 180 180 135 135  Number = 9

140 140 140 168 168 155 155 146 146 144 144 144 146 146 139 139 123 123 119 119 113 113 113 90 90 90 90 90 90 64 64 41 41 41 14 14 5 5 18 18 33 33 45 45 45 38 38 45 45 50 50 50 50 52 52 52 66 66 75 75 77 77 66 66 83 83 83 115 115 119 119 123 123 118 118 118 118 118 117 117 113 113 113 113 108 108 108 117 117 117 117 119 119 119 119 123 123 123 127 127 127 127 136 136 146 146 159 159 159 171 171 177 177 180 180 180 180 180 180 180 180 180 180 180 180 180 180 180  Number = 9

175 175 175 157 157 156 156 146 146 146 148 148 146 146 143 143 143 141 141 133 133 133 133 133 125 125 129 129 90 90 90 73 73 23 23 0 0 0 4 4 8 8 20 20 20 18 18 23 23 27 27 27 32 32 42 42 66 66 66 90 90 118 118 133 133 133 120 120 113 113 90 90 90 90 90 106 106 98 98 98 102 102 116 116 112 112 112 122 122 122 122 133 133 133 122 122 133 133 122 122 122 143 143 133 133 147 147 147 143 143 152 152 157 157 157 160 160 165 165 173 173 173 177 177 180 180 140 140  Number = 9

126 126 126 174 174 174 152 152 144 144 144 141 141 141 135 135 120 120 120 126 126 102 102 102 104 104 104 90 90 55 55 55 32 32 13 13 13 0 0 0 9 9 14 14 14 15 15 15 23 23 24 24 24 25 25 25 25 25 35 35 35 38 38 50 50 50 55 55 82 82 82 141 141 141 116 116 110 110 110 120 120 112 112 112 105 105 105 115 115 108 108 108 129 129 129 126 126 126 126 126 139 139 135 135 135 141 141 141 152 152 155 155 155 161 161 167 167 167 173 173 173 177 177 177 177 177 172 172  Number = 9

100 100 100 105 105 121 121 134 134 134 146 146 163 163 170 170 170 180 180 169 169 157 157 157 154 154 143 143 140 140 140 140 140 137 137 125 125 125 126 126 100 100 74 74 74 18 18 3 3 18 18 18 25 25 27 27 28 28 28 33 33 33 33 31 31 31 39 39 45 45 45 45 45 42 42 94 94 112 112 112 116 116 112 112 102 102 102 117 117 105 105 112 112 112 119 119 112 112 116 116 116 119 119 131 131 127 127 127 157 157 176 176 176 176 176 176 176 180 180 180 180 180 180 180 180 180 180 180  Number = 9

90 90 90 109 109 120 120 134 134 134 133 133 145 145 150 150 150 168 168 172 172 180 180 180 158 158 142 142 139 139 139 128 128 127 127 112 112 112 108 108 90 90 61 61 61 40 40 23 23 6 6 6 0 0 0 0 10 10 10 12 12 12 12 17 17 17 15 15 20 20 15 15 15 23 23 28 28 37 37 37 53 53 164 164 136 136 136 136 136 133 133 133 133 133 130 130 133 133 144 144 144 144 144 136 136 145 145 145 139 139 141 141 136 136 136 145 145 172 172 180 180 180 176 176 180 180 168 168  Number = 9

138 138 138 138 138 150 150 150 150 157 157 157 157 157 175 175 175 175 172 172 172 172 172 142 142 142 142 135 135 135 135 118 118 118 118 118 90 90 90 90 41 41 41 41 41 7 7 7 7 0 0 0 0 10 10 10 10 10 35 35 35 35 53 53 53 53 53 82 82 82 82 53 53 53 53 53 97 97 97 97 97 97 97 97 90 90 90 90 90 90 90 90 90 97 97 97 97 97 147 147 147 147 160 160 160 160 165 165 165 165 165 170 170 170 170 170 170 170 170 170 175 175 175 175 169 169 169 169  Number = 9

147 147 147 147 175 175 175 175 177 177 177 164 164 164 164 155 155 155 137 137 137 137 114 114 114 90 90 90 90 32 32 32 7 7 7 7 0 0 0 0 0 0 0 4 4 4 4 12 12 12 20 20 20 20 30 30 30 54 54 54 54 123 123 123 155 155 155 155 63 63 63 63 71 71 71 90 90 90 90 90 90 90 99 99 99 99 98 98 98 107 107 107 107 99 99 99 113 113 113 113 108 108 108 108 123 123 123 152 152 152 152 173 173 173 177 177 177 177 172 172 172 170 170 170 170 108 108 108  Number = 9

132 132 132 132 163 163 163 170 170 170 170 175 175 175 176 176 176 164 164 164 164 155 155 155 139 139 139 90 90 90 90 65 65 65 29 29 29 29 22 22 22 6 6 6 0 0 0 0 13 13 13 20 20 20 27 27 27 27 32 32 32 56 56 56 47 47 47 47 108 108 108 116 116 116 116 98 98 98 90 90 90 90 90 90 90 90 90 90 99 99 99 90 90 90 90 123 123 123 147 147 147 147 155 155 155 161 161 161 164 164 164 164 169 169 169 180 180 180 180 180 180 180 173 173 173 71 71 71  Number = 9

83 83 83 83 155 155 155 155 177 177 177 177 177 177 177 177 165 165 165 165 159 159 159 159 141 141 141 141 123 123 123 123 108 108 108 83 83 83 83 35 35 35 35 8 8 8 8 0 0 0 0 10 10 10 10 13 13 13 13 12 12 12 12 20 20 20 23 23 23 23 27 27 27 27 56 56 56 56 141 141 141 141 96 96 96 96 90 90 90 90 90 90 90 90 90 90 90 90 90 90 90 96 96 96 96 132 132 132 132 141 141 141 141 155 155 155 155 168 168 168 168 177 177 177 177 152 152 152  Number = 9

130 130 130 130 160 160 160 167 167 167 174 174 174 180 180 180 172 172 172 159 159 159 150 150 150 124 124 124 90 90 90 90 90 90 49 49 49 39 39 39 14 14 14 1 1 1 0 0 0 9 9 9 15 15 15 24 24 24 28 28 28 41 41 41 47 47 47 47 62 62 62 90 90 90 130 130 130 115 115 115 99 99 99 90 90 90 71 71 71 80 80 80 72 72 72 90 90 90 90 90 90 117 117 117 132 132 132 153 153 153 161 161 161 165 165 165 165 165 165 168 168 168 171 171 171 176 176 176  Number = 9

128 128 128 128 156 156 156 156 165 165 165 171 171 171 171 178 178 178 176 176 176 176 160 160 160 149 149 149 149 134 134 134 118 118 118 118 90 90 90 90 59 59 59 28 28 28 28 1 1 1 1 1 1 1 7 7 7 12 12 12 12 21 21 21 35 35 35 35 68 68 68 68 31 31 31 42 42 42 42 90 90 90 90 90 90 90 90 90 90 69 69 69 69 90 90 90 90 90 90 90 120 120 120 120 134 134 134 148 148 148 148 154 154 154 158 158 158 158 169 169 169 171 171 171 171 172 172 172  Number = 9

155 155 155 155 174 174 174 174 178 178 178 180 180 180 180 171 171 171 149 149 149 149 136 136 136 124 124 124 124 90 90 90 45 45 45 45 24 24 24 24 5 5 5 2 2 2 2 9 9 9 17 17 17 17 16 16 16 24 24 24 24 35 35 35 51 51 51 51 75 75 75 75 117 117 117 101 101 101 101 90 90 90 111 111 111 111 112 112 112 90 90 90 90 112 112 112 90 90 90 90 90 90 90 90 90 90 90 90 90 90 90 128 128 128 159 159 159 159 172 172 172 178 178 178 178 178 178 178  Number = 9

