7 7 7 7 2 2 2 4 4 4 0 0 0 5 5 5 0 0 0 5 5 5 0 0 0 5 5 5 5 0 0 0 4 4 4 0 0 0 4 4 4 4 4 4 0 0 0 5 5 5 2 2 2 2 123 123 123 155 155 155 152 152 152 150 150 150 149 149 149 147 147 147 138 138 138 141 141 141 141 141 141 141 128 128 128 142 142 142 132 132 132 136 136 136 132 132 132 132 132 132 128 128 128 128 124 124 124 124 124 124 115 115 115 117 117 117 111 111 111 101 101 101 102 102 102 90 90 90  Number = 7

5 5 5 5 5 5 5 8 8 8 8 8 8 8 8 8 8 5 5 5 5 3 3 3 8 8 8 4 4 4 4 0 0 0 4 4 4 4 0 0 0 0 0 0 0 0 0 0 2 2 2 46 46 46 122 122 122 122 140 140 140 149 149 149 146 146 146 146 141 141 141 136 136 136 136 132 132 132 133 133 133 127 127 127 127 127 127 127 135 135 135 123 123 123 123 130 130 130 123 123 123 123 127 127 127 127 127 127 119 119 119 119 119 119 119 113 113 113 116 116 116 116 115 115 115 90 90 90  Number = 7

8 8 8 8 2 2 2 7 7 7 7 0 0 0 5 5 5 5 0 0 0 5 5 5 5 0 0 0 3 3 3 3 4 4 4 4 4 4 4 4 4 4 0 0 0 5 5 5 5 0 0 0 5 5 5 5 136 136 136 145 145 145 145 151 151 151 143 143 143 143 141 141 141 139 139 139 139 139 139 139 139 139 139 139 136 136 136 132 132 132 126 126 126 126 126 126 126 118 118 118 118 116 116 116 118 118 118 118 112 112 112 101 101 101 101 100 100 100 90 90 90 90 90 90 90 84 84 84  Number = 7

19 19 19 19 15 15 15 7 7 7 3 3 3 12 12 12 6 6 6 0 0 0 5 5 5 0 0 0 0 0 0 0 6 6 6 0 0 0 0 0 0 0 0 0 0 0 0 0 0 0 0 0 0 0 0 0 0 7 7 7 114 114 114 143 143 143 143 143 143 140 140 140 140 140 140 137 137 137 137 140 140 140 137 137 137 133 133 133 126 126 126 132 132 132 126 126 126 131 131 131 122 122 122 122 126 126 126 124 124 124 122 122 122 118 118 118 118 118 118 118 118 118 103 103 103 90 90 90  Number = 7

0 0 0 0 3 3 3 0 0 0 0 0 0 0 0 0 0 6 6 6 0 0 0 0 0 0 0 0 0 0 0 0 0 0 0 0 0 0 0 0 4 4 4 6 6 6 6 6 6 6 6 6 6 25 25 25 107 107 107 107 143 143 143 149 149 149 140 140 140 143 143 143 143 146 146 146 136 136 136 140 140 140 140 131 131 131 131 131 131 127 127 127 131 131 131 131 127 127 127 127 127 127 120 120 120 120 123 123 123 123 123 123 116 116 116 111 111 111 111 114 114 114 100 100 100 90 90 90  Number = 7

4 4 4 4 4 4 0 0 0 0 0 0 0 0 0 0 0 0 0 0 0 0 0 0 0 0 0 0 0 0 0 0 0 0 0 7 7 7 0 0 0 7 7 7 0 0 0 0 0 0 0 0 0 7 7 7 0 0 0 8 8 8 147 147 147 147 147 144 144 144 147 147 147 146 146 146 145 145 145 144 144 144 137 137 137 140 140 140 135 135 135 130 130 130 130 130 128 128 128 128 128 128 116 116 116 116 116 116 108 108 108 110 110 110 104 104 104 98 98 98 97 97 97 90 90 90 67 67  Number = 7

3 3 3 3 3 3 1 1 1 1 1 0 0 0 0 0 0 0 0 0 0 0 0 0 0 0 0 0 0 0 0 0 135 135 135 135 135 135 152 152 152 152 152 148 148 148 148 148 148 148 148 148 148 148 153 153 153 153 153 149 149 149 149 149 146 146 146 146 146 146 151 151 151 151 151 148 148 148 148 148 142 142 142 142 142 142 142 142 142 142 142 142 142 142 142 142 146 146 146 146 146 146 138 138 138 138 138 125 125 125 125 125 90 90 90 90 90 90 90 90 90 90 90 67 67 67 67 67  Number = 7

8 8 8 8 8 4 4 4 4 4 8 8 8 8 8 0 0 0 0 0 3 3 3 3 3 0 0 0 0 0 0 0 0 0 0 0 0 0 0 0 0 0 0 0 0 7 7 7 7 7 3 3 3 3 3 17 17 17 17 17 136 136 136 136 143 143 143 143 143 136 136 136 136 136 136 136 136 136 136 136 136 136 136 136 136 136 136 136 136 136 136 136 136 136 119 119 119 119 119 136 136 136 136 136 127 127 127 127 127 131 131 131 131 131 119 119 119 119 119 112 112 112 112 112 103 103 103 103  Number = 7

0 0 0 0 0 0 0 0 0 0 0 0 0 0 0 0 0 0 0 0 0 0 0 0 0 0 0 0 8 8 8 8 0 0 0 8 8 8 8 8 8 8 8 8 8 7 7 7 7 7 7 7 15 15 15 15 9 9 9 9 9 9 9 10 10 10 8 8 8 8 20 20 20 11 11 11 11 140 140 140 134 134 134 134 125 125 125 120 120 120 119 119 119 119 118 118 118 114 114 114 114 111 111 111 106 106 106 106 106 106 106 101 101 101 101 101 101 101 95 95 95 95 90 90 90 90 90 90  Number = 7

6 6 6 6 0 0 0 4 4 4 4 0 0 0 11 11 11 0 0 0 0 0 0 0 0 0 0 8 8 8 8 0 0 0 0 0 0 0 0 0 0 0 0 0 0 0 0 0 0 0 0 0 0 0 12 12 12 12 0 0 0 9 9 9 12 12 12 12 0 0 0 104 104 104 104 128 128 128 131 131 131 128 128 128 128 127 127 127 122 122 122 128 128 128 128 122 122 122 122 122 122 122 120 120 120 120 120 120 108 108 108 108 108 108 108 104 104 104 97 97 97 97 90 90 90 90 90 90  Number = 7

8 8 8 8 10 10 10 10 8 8 8 8 2 2 2 2 4 4 4 4 4 4 4 4 5 5 5 5 0 0 0 0 0 0 0 0 0 0 0 0 0 0 0 0 0 0 0 0 0 0 0 10 10 10 10 71 71 71 71 137 137 137 137 138 138 138 138 138 138 138 130 130 130 130 135 135 135 135 139 139 139 139 134 134 134 134 132 132 132 132 132 132 132 132 126 126 126 126 126 126 126 126 126 126 126 126 126 126 126 122 122 122 122 116 116 116 116 116 116 116 116 111 111 111 111 90 90 90  Number = 7

3 3 3 3 0 0 0 0 0 0 0 0 0 0 0 0 0 0 0 0 0 0 0 0 0 0 0 0 0 0 0 0 0 0 0 0 0 0 0 0 0 0 6 6 6 6 0 0 0 0 0 0 0 0 0 0 0 150 150 150 150 148 148 148 149 149 149 149 148 148 148 148 143 143 143 143 140 140 140 140 133 133 133 136 136 136 136 127 127 127 127 136 136 136 136 127 127 127 127 127 127 127 123 123 123 123 116 116 116 116 119 119 119 119 119 119 119 100 100 100 100 99 99 99 99 94 94 94  Number = 7

3 3 3 3 3 3 3 3 5 5 5 2 2 2 2 0 0 0 6 6 6 6 0 0 0 0 0 0 0 6 6 6 0 0 0 0 0 0 0 0 6 6 6 0 0 0 0 0 0 0 0 0 0 0 0 0 0 120 120 120 120 145 145 145 139 139 139 139 137 137 137 137 142 142 142 134 134 134 134 130 130 130 129 129 129 129 122 122 122 130 130 130 130 122 122 122 110 110 110 110 122 122 122 122 110 110 110 110 110 110 110 113 113 113 106 106 106 106 100 100 100 100 100 100 100 90 90 90  Number = 7

8 8 8 8 3 3 3 3 4 4 4 5 5 5 5 0 0 0 0 3 3 3 0 0 0 0 0 0 0 0 0 0 0 0 0 0 0 0 0 0 0 0 0 0 0 0 0 0 0 0 0 0 0 0 0 5 5 5 5 53 53 53 53 128 128 128 114 114 114 114 122 122 122 122 113 113 113 120 120 120 120 101 101 101 101 107 107 107 112 112 112 112 98 98 98 98 98 98 98 101 101 101 101 90 90 90 90 90 90 90 90 90 90 90 90 90 90 90 90 90 90 90 90 90 90 78 78 78  Number = 7

0 0 0 0 0 5 5 5 5 0 0 0 0 3 3 3 3 3 0 0 0 0 0 0 0 0 0 0 0 0 0 0 0 0 0 5 5 5 5 0 0 0 0 0 0 0 0 5 5 5 5 5 0 0 0 0 6 6 6 6 101 101 101 101 110 110 110 110 110 100 100 100 100 101 101 101 101 98 98 98 98 98 90 90 90 90 100 100 100 100 90 90 90 90 90 90 90 90 90 90 90 90 90 90 90 90 90 90 90 90 90 80 80 80 80 80 79 79 79 79 69 69 69 69 72 72 72 72  Number = 7

0 0 0 0 0 0 0 0 0 0 0 0 0 0 0 8 8 8 0 0 0 0 0 0 0 0 0 0 0 0 0 0 0 0 0 8 8 8 0 0 0 0 0 0 0 0 0 0 0 0 0 0 0 93 93 93 104 104 104 105 105 105 106 106 157 157 157 153 153 153 175 175 175 175 175 175 180 180 180 180 180 180 167 167 167 166 166 166 160 160 160 153 153 153 151 151 157 157 157 147 147 147 140 140 140 123 123 123 105 105 105 98 98 98 90 90 90 90 90 90 90 90 90 90 90 90 73 73  Number = 7

3 3 3 0 0 0 0 0 0 0 0 5 5 5 0 0 0 0 0 0 0 0 4 4 4 0 0 0 4 4 0 0 0 5 5 5 0 0 0 0 0 66 66 66 107 107 107 95 95 95 99 99 90 90 90 90 90 90 66 66 164 164 164 173 173 173 171 171 171 180 180 180 180 180 180 180 180 180 180 174 174 174 177 177 177 174 174 174 171 171 165 165 165 155 155 155 135 135 135 130 130 127 127 127 115 115 115 118 118 106 106 106 100 100 100 90 90 90 90 90 90 90 90 90 90 90 77 77  Number = 7

10 10 10 10 9 9 9 13 13 13 8 8 8 7 7 7 12 12 12 12 7 7 7 6 6 6 12 12 12 5 5 5 0 0 0 0 5 5 5 7 7 7 6 6 6 0 0 0 0 0 0 0 0 0 0 0 0 0 0 0 0 136 136 136 147 147 147 147 148 148 148 141 141 141 141 141 141 139 139 139 132 132 132 132 134 134 134 133 133 133 132 132 132 127 127 127 132 132 132 132 127 127 127 125 125 125 127 127 127 120 120 120 127 127 127 127 120 120 120 115 115 115 104 104 104 84 84 84  Number = 7

51 51 51 51 33 33 33 24 24 24 24 23 23 23 14 14 14 14 21 21 21 12 12 12 12 14 14 14 12 12 12 12 12 12 12 5 5 5 5 12 12 12 12 12 12 6 6 6 6 12 12 12 6 6 6 6 11 11 11 12 12 12 12 12 12 12 14 14 14 14 147 147 147 161 161 161 161 155 155 155 149 149 149 149 149 149 149 141 141 141 141 141 141 141 136 136 136 135 135 135 135 135 135 135 136 136 136 136 135 135 135 125 125 125 125 118 118 118 122 122 122 122 120 120 120 95 95 95  Number = 7

13 13 13 13 7 7 7 8 8 8 0 0 0 5 5 5 0 0 0 0 0 0 0 0 0 0 0 0 0 0 0 0 0 0 0 6 6 6 0 0 0 0 0 0 0 0 0 0 0 0 0 0 0 0 0 0 0 116 116 116 150 150 150 151 151 151 148 148 148 148 148 148 139 139 139 134 134 134 134 141 141 141 133 133 133 127 127 127 139 139 139 133 133 133 127 127 127 127 127 127 133 133 133 133 133 133 133 120 120 120 129 129 129 127 127 127 111 111 111 104 104 104 98 98 98 90 90 90  Number = 7

6 6 6 6 6 6 9 9 9 9 9 7 7 7 7 7 2 2 2 2 2 4 4 4 4 4 4 4 4 4 4 4 4 4 4 4 0 0 0 0 0 5 5 5 5 5 5 0 0 0 0 0 6 6 6 6 6 59 59 59 59 59 118 118 118 118 118 110 110 110 110 110 107 107 107 107 107 112 112 112 112 112 112 112 112 112 112 112 112 112 112 112 112 101 101 101 101 101 101 101 101 101 101 107 107 107 107 107 101 101 101 101 101 98 98 98 98 98 90 90 90 90 90 90 90 90 90 90  Number = 7

3 3 3 3 3 0 0 0 0 0 0 0 0 0 0 0 0 0 0 0 0 0 0 0 0 0 0 0 0 0 0 0 0 0 6 6 6 6 0 0 0 0 7 7 7 7 0 0 0 0 7 7 7 7 0 0 0 0 6 6 6 6 0 0 0 0 0 94 94 94 94 124 124 124 124 119 119 119 119 116 116 116 116 118 118 118 118 118 118 118 118 112 112 112 112 108 108 108 108 108 113 113 113 113 94 94 94 94 98 98 98 98 99 99 99 99 90 90 90 90 90 90 90 90 76 76 76 76  Number = 7

4 4 4 4 8 8 8 8 5 5 5 0 0 0 0 0 0 0 0 0 0 0 0 0 0 0 0 0 0 0 0 0 0 0 0 0 0 7 7 7 7 0 0 0 8 8 8 8 0 0 0 0 0 0 0 8 8 8 8 0 0 0 0 9 9 9 143 143 143 143 140 140 140 140 131 131 131 137 137 137 137 128 128 128 128 125 125 125 131 131 131 131 122 122 122 122 122 122 122 118 118 118 118 125 125 125 125 118 118 118 120 120 120 120 110 110 110 110 113 113 113 100 100 100 100 97 97 97  Number = 7

28 28 28 28 28 15 15 15 15 15 12 12 12 12 12 12 12 12 12 6 6 6 6 7 7 7 7 7 7 7 7 7 0 0 0 0 0 5 5 5 5 5 0 0 0 0 0 0 0 0 0 6 6 6 6 103 103 103 103 103 143 143 143 143 143 143 143 143 143 142 142 142 142 142 142 142 142 142 146 146 146 146 146 141 141 141 141 139 139 139 139 139 143 143 143 143 130 130 130 130 130 136 136 136 136 136 141 141 141 141 143 143 143 143 143 130 130 130 130 142 142 142 142 142 130 130 130 130  Number = 7

11 11 11 11 11 3 3 3 3 3 8 8 8 8 8 0 0 0 0 0 0 0 0 0 0 0 0 0 0 0 0 0 0 0 0 0 0 0 5 5 5 5 5 6 6 6 6 6 0 0 0 0 0 6 6 6 6 8 8 8 8 8 117 117 117 117 117 123 123 123 123 123 130 130 130 130 136 136 136 136 136 125 125 125 125 125 136 136 136 136 136 127 127 127 127 127 127 127 127 127 119 119 119 119 119 127 127 127 127 127 108 108 108 108 108 108 108 108 108 85 85 85 85 85 80 80 80 80  Number = 7

18 18 18 18 6 6 6 5 5 5 5 7 7 7 0 0 0 0 0 0 0 5 5 5 5 0 0 0 0 0 0 0 0 0 0 0 0 0 0 0 0 0 0 0 0 5 5 5 5 0 0 0 6 6 6 6 134 134 134 153 153 153 153 146 146 146 145 145 145 145 140 140 140 138 138 138 138 147 147 147 140 140 140 140 134 134 134 140 140 140 135 135 135 135 134 134 134 129 129 129 129 129 129 129 131 131 131 131 121 121 121 117 117 117 117 121 121 121 109 109 109 109 100 100 100 95 95 95  Number = 7

0 0 0 0 4 4 4 4 7 7 7 4 4 4 4 7 7 7 7 0 0 0 6 6 6 6 6 6 6 6 6 6 6 6 6 6 6 0 0 0 0 6 6 6 6 6 6 6 7 7 7 7 0 0 0 6 6 6 6 7 7 7 7 8 8 8 97 97 97 97 120 120 120 120 121 121 121 119 119 119 119 117 117 117 117 114 114 114 113 113 113 113 111 111 111 111 114 114 114 111 111 111 111 114 114 114 114 114 114 114 114 114 114 114 108 108 108 108 101 101 101 94 94 94 94 101 101 101  Number = 7

4 4 4 4 7 7 7 6 6 6 6 5 5 5 4 4 4 4 4 4 4 4 4 4 4 4 4 4 4 4 4 4 4 4 4 4 4 4 0 0 0 4 4 4 0 0 0 0 0 0 0 104 104 104 136 136 136 136 146 146 146 141 141 141 146 146 146 146 139 139 139 139 139 139 139 137 137 137 143 143 143 133 133 133 133 137 137 137 137 137 137 125 125 125 125 133 133 133 129 129 129 129 125 125 125 129 129 129 119 119 119 119 112 112 112 115 115 115 101 101 101 101 90 90 90 90 90 90  Number = 7

7 7 7 7 4 4 4 2 2 2 0 0 0 5 5 5 0 0 0 4 4 4 4 4 4 0 0 0 0 4 4 4 0 0 0 0 0 0 0 0 0 5 5 5 0 0 0 0 0 0 0 0 0 0 0 0 0 109 109 109 133 133 133 141 141 141 136 136 136 131 131 131 140 140 140 127 127 127 127 130 130 130 130 130 130 119 119 119 127 127 127 127 127 127 127 127 127 116 116 116 121 121 121 121 116 116 116 123 123 123 116 116 116 113 113 113 113 113 113 110 110 110 100 100 100 102 102 102  Number = 7

0 0 0 0 0 0 0 7 7 7 0 0 0 0 0 0 5 5 5 0 0 0 0 0 0 5 5 5 0 0 0 0 0 0 0 0 0 0 0 0 0 0 0 5 5 5 0 0 0 0 0 0 7 7 7 7 7 7 132 132 132 141 141 141 132 132 132 132 131 131 131 130 130 130 131 131 131 125 125 125 126 126 126 126 126 126 126 126 126 119 119 119 126 126 126 122 122 122 119 119 119 119 119 119 112 112 112 115 115 115 115 115 115 107 107 107 110 110 110 104 104 104 99 99 99 99 99 99  Number = 7

0 0 0 0 3 3 3 3 0 0 0 6 6 6 6 0 0 0 0 0 0 0 0 0 0 0 5 5 5 5 0 0 0 0 0 0 0 0 0 0 0 0 0 0 0 0 0 0 0 0 0 0 4 4 4 6 6 6 6 95 95 95 95 115 115 115 125 125 125 125 108 108 108 108 115 115 115 118 118 118 118 109 109 109 109 115 115 115 118 118 118 118 112 112 112 112 109 109 109 109 109 109 109 112 112 112 112 115 115 115 112 112 112 112 109 109 109 109 112 112 112 100 100 100 100 102 102 102  Number = 7

4 4 4 12 12 12 9 9 9 4 4 4 0 0 0 7 7 7 7 7 7 0 0 0 6 6 6 6 6 6 0 0 6 6 6 0 0 0 6 6 6 0 0 0 0 0 0 6 6 6 0 0 0 0 0 0 0 0 0 0 0 0 0 0 0 0 0 132 132 132 138 138 138 132 132 132 128 128 128 132 132 132 126 126 126 132 132 132 126 126 126 127 127 127 123 123 121 121 121 123 123 123 111 111 111 117 117 117 111 111 111 111 111 111 104 104 104 103 103 103 97 97 97 90 90 90 90 90  Number = 7

8 8 8 8 11 11 11 7 7 7 5 5 5 6 6 6 6 6 6 6 6 6 6 5 5 5 5 5 5 0 0 0 5 5 5 5 0 0 0 0 0 0 0 0 0 0 0 0 0 0 0 0 0 0 0 0 0 0 0 0 0 99 99 99 148 148 148 148 144 144 144 139 139 139 134 134 134 133 133 133 131 131 131 131 123 123 123 114 114 114 125 125 125 114 114 114 114 114 114 114 111 111 111 104 104 104 114 114 114 106 106 106 114 114 114 114 109 109 109 97 97 97 104 104 104 90 90 90  Number = 7

6 6 6 6 8 8 8 8 2 2 2 10 10 10 10 4 4 4 5 5 5 5 4 4 4 0 0 0 0 4 4 4 4 4 4 4 0 0 0 0 4 4 4 0 0 0 0 0 0 0 4 4 4 4 0 0 0 139 139 139 139 131 131 131 134 134 134 134 132 132 132 132 133 133 133 125 125 125 125 121 121 121 118 118 118 118 129 129 129 109 109 109 109 118 118 118 109 109 109 109 109 109 109 109 100 100 100 115 115 115 115 101 101 101 99 99 99 99 100 100 100 101 101 101 101 90 90 90  Number = 7

4 4 4 4 4 0 0 0 0 4 4 4 4 0 0 0 0 0 0 0 0 4 4 4 4 0 0 0 0 0 0 0 0 0 0 0 0 0 0 0 0 0 3 3 3 3 0 0 0 0 34 34 34 34 112 112 112 112 120 120 120 120 112 112 112 112 112 118 118 118 118 117 117 117 117 117 117 117 117 111 111 111 111 117 117 117 117 111 111 111 111 120 120 120 120 111 111 111 111 111 111 111 111 111 102 102 102 102 111 111 111 111 104 104 104 104 101 101 101 101 102 102 102 102 90 90 90 90  Number = 7

18 18 18 18 18 21 21 21 21 21 11 11 11 11 7 7 7 7 7 7 7 7 7 7 7 7 7 7 3 3 3 3 8 8 8 8 8 3 3 3 3 3 4 4 4 4 3 3 3 3 3 5 5 5 5 0 0 0 0 0 115 115 115 115 124 124 124 124 124 121 121 121 121 121 110 110 110 110 121 121 121 121 121 99 99 99 99 113 113 113 113 113 103 103 103 103 100 100 100 100 100 102 102 102 102 102 90 90 90 90 90 90 90 90 90 90 90 90 90 90 90 90 90 90 82 82 82 82  Number = 7

27 27 27 27 15 15 15 15 15 15 15 15 7 7 7 7 10 10 10 10 5 5 5 5 11 11 11 11 8 8 8 8 10 10 10 10 9 9 9 9 15 15 15 15 12 12 12 12 18 18 18 18 18 18 18 18 76 76 76 76 139 139 139 139 131 131 131 131 131 131 131 131 132 132 132 132 127 127 127 127 127 127 127 127 127 127 127 127 127 127 127 127 131 131 131 131 123 123 123 123 113 113 113 113 127 127 127 127 117 117 117 117 117 117 117 117 119 119 119 119 102 102 102 102 103 103 103 103  Number = 7

0 0 0 0 3 3 3 3 3 3 3 3 0 0 0 0 0 0 0 0 0 0 0 0 0 0 0 0 0 0 0 0 0 0 0 0 0 0 0 0 0 0 0 0 0 0 0 0 0 0 0 0 0 0 0 0 0 0 0 0 0 119 119 119 133 133 133 133 136 136 136 136 125 125 125 125 128 128 128 128 127 127 127 119 119 119 119 127 127 127 127 116 116 116 116 125 125 125 119 119 119 119 110 110 110 110 119 119 119 119 116 116 116 108 108 108 108 105 105 105 105 90 90 90 90 90 90 90  Number = 7

0 0 0 0 4 4 4 4 4 4 8 8 8 0 0 0 8 8 8 8 0 0 0 0 0 0 8 8 8 0 0 0 7 7 7 7 0 0 0 8 8 8 0 0 0 7 7 7 0 0 0 0 0 0 0 7 7 7 0 0 0 0 0 0 0 0 0 0 8 8 8 90 90 90 123 123 123 126 126 126 129 129 129 129 118 118 118 129 129 129 123 123 123 125 125 125 114 114 114 114 123 123 123 114 114 114 109 109 109 111 111 111 109 109 109 109 102 102 102 90 90 90 90 90 90 81 81 81  Number = 7

10 10 10 10 3 3 3 3 3 3 6 6 6 6 7 7 7 5 5 5 0 0 0 6 6 6 6 0 0 0 0 0 0 6 6 6 6 0 0 0 0 0 0 0 0 0 0 0 0 0 6 6 6 0 0 0 0 0 0 0 3 3 3 126 126 126 128 128 128 130 130 130 130 133 133 133 118 118 118 125 125 125 125 118 118 118 111 111 111 122 122 122 111 111 111 111 113 113 113 104 104 104 106 106 106 106 99 99 99 90 90 90 90 90 90 90 90 90 90 75 75 75 68 68 68 68 68 68  Number = 7

3 3 3 3 0 0 0 7 7 7 4 4 4 4 0 0 0 0 0 0 0 0 0 0 0 0 0 7 7 7 0 0 0 0 0 0 0 0 0 0 0 0 0 0 0 0 0 0 0 0 0 0 0 0 0 0 0 0 0 0 6 6 6 0 0 0 8 8 8 85 85 85 85 122 122 122 129 129 129 121 121 121 121 121 121 121 111 111 111 118 118 118 110 110 110 110 110 110 110 108 108 108 103 103 103 103 102 102 102 97 97 97 96 96 96 90 90 90 90 90 90 90 90 90 90 85 85 85  Number = 7

9 9 9 9 5 5 5 5 4 4 4 4 2 2 2 2 3 3 3 3 0 0 0 0 4 4 4 4 0 0 0 0 4 4 4 4 0 0 0 0 3 3 3 3 4 4 4 4 0 0 0 0 5 5 5 5 97 97 97 97 136 136 136 136 138 138 138 138 135 135 135 135 133 133 133 133 126 126 126 126 128 128 128 128 125 125 125 125 118 118 118 118 118 118 118 118 114 114 114 114 100 100 100 100 114 114 114 114 100 100 100 100 101 101 101 101 102 102 102 102 90 90 90 90 90 90 90 90  Number = 7

3 3 3 3 3 3 3 8 8 8 8 8 8 3 3 3 3 3 3 3 0 0 0 0 0 0 0 0 0 0 0 0 0 0 0 0 0 0 0 6 6 6 6 6 6 19 19 19 19 19 19 19 3 3 3 3 3 3 108 108 108 108 108 108 144 144 144 144 144 144 144 142 142 142 142 142 142 147 147 147 147 147 147 147 136 136 136 136 136 136 125 125 125 125 125 125 120 120 120 120 120 120 120 113 113 113 113 113 113 96 96 96 96 96 96 96 90 90 90 90 90 90 83 83 83 83 83 83  Number = 7

0 0 0 0 0 0 0 0 0 0 0 0 0 0 0 0 0 0 0 0 0 0 0 0 0 0 0 0 0 0 0 0 0 0 0 0 0 0 0 0 0 0 0 0 0 0 0 0 138 138 138 138 146 146 146 148 148 148 145 145 145 148 148 148 145 145 145 145 138 138 138 139 139 139 135 135 135 139 139 139 135 135 135 135 135 135 135 131 131 131 131 131 131 127 127 127 127 127 127 127 131 131 131 123 123 123 114 114 114 117 117 117 90 90 90 90 90 90 90 90 90 90 74 74 74 69 69 69  Number = 7

2 2 2 2 0 0 0 5 5 5 2 2 2 0 0 0 5 5 5 0 0 0 4 4 4 0 0 0 0 0 0 0 0 0 0 0 0 0 5 5 5 2 2 2 18 18 18 169 169 169 164 164 164 164 166 166 166 161 161 161 158 158 158 165 165 165 161 161 161 157 157 157 155 155 155 151 151 151 151 150 150 150 139 139 139 140 140 140 137 137 137 126 126 126 130 130 130 114 114 114 112 112 112 112 95 95 95 90 90 90 83 83 83 62 62 62 60 60 60 53 53 53 49 49 49 49 49 49  Number = 7

