158 158 158 150 150 150 146 146 146 143 143 143 144 144 144 139 139 139 141 141 130 130 130 122 122 122 122 122 122 101 101 101 73 73 73 50 50 32 32 32 15 15 15 10 10 10 0 0 0 0 0 0 0 0 0 13 13 10 10 10 21 21 21 26 26 26 38 38 38 42 42 42 41 41 64 64 64 65 65 65 84 84 84 79 79 79 90 90 90 90 90 90 99 99 104 104 104 116 116 116 128 128 128 141 141 141 165 165 165 173 173 153 153 153 150 150 150 138 138 138 141 141 141 138 138 138 117 117  Number = 0

162 162 162 158 158 149 149 149 145 145 142 142 142 141 141 137 137 136 136 136 125 125 128 128 128 111 111 102 102 90 90 90 90 90 56 56 56 37 37 42 42 42 30 30 18 18 9 9 9 0 0 0 0 0 2 2 13 13 19 19 19 25 25 25 25 25 34 34 51 51 51 41 41 60 60 71 71 71 62 62 77 77 77 90 90 90 90 90 90 90 104 104 117 117 117 130 130 125 125 125 142 142 138 138 155 155 155 159 159 172 172 172 180 180 177 177 170 170 170 163 163 158 158 158 152 152 135 135  Number = 0

160 160 160 146 146 143 143 141 141 141 129 129 126 126 125 125 125 112 112 101 101 100 100 100 90 90 64 64 50 50 50 52 52 33 33 30 30 30 17 17 16 16 7 7 7 0 0 2 2 20 20 20 21 21 30 30 36 36 36 42 42 55 55 55 55 55 59 59 69 69 76 76 76 90 90 90 90 101 101 101 103 103 123 123 124 124 124 135 135 143 143 136 136 136 154 154 151 151 165 165 165 177 177 180 180 177 177 177 163 163 158 158 149 149 149 146 146 143 143 144 144 144 132 132 127 127 154 154  Number = 0

161 161 161 141 141 144 144 128 128 135 135 118 118 113 113 102 102 90 90 90 90 90 90 90 75 75 49 49 49 49 34 34 23 23 12 12 8 8 0 0 0 0 5 5 5 9 9 17 17 13 13 25 25 30 30 34 34 35 35 51 51 58 58 51 51 51 51 51 66 66 68 68 77 77 77 77 90 90 100 100 100 100 116 116 126 126 126 130 130 141 141 144 144 149 149 152 152 162 162 166 166 177 177 177 177 159 159 159 155 155 157 157 149 149 149 149 149 149 145 145 149 149 144 144 152 152 149 149  Number = 0

121 121 121 96 96 101 101 90 90 90 90 90 76 76 67 67 64 64 64 58 58 39 39 44 44 44 32 32 27 27 24 24 13 13 13 11 11 11 11 0 0 0 0 0 11 11 15 15 20 20 20 22 22 32 32 43 43 43 53 53 70 70 72 72 65 65 65 78 78 90 90 90 90 90 90 90 90 90 101 101 111 111 111 123 123 128 128 135 135 135 138 138 150 150 160 160 169 169 169 175 175 168 168 157 157 157 152 152 149 149 155 155 152 152 152 152 152 147 147 142 142 142 153 153 142 142 147 147  Number = 0

180 180 180 159 159 159 152 152 140 140 140 131 131 131 131 131 115 115 115 120 120 110 110 110 100 100 100 90 90 90 90 90 78 78 57 57 57 53 53 53 47 47 38 38 38 23 23 23 17 17 7 7 7 4 4 0 0 0 6 6 6 8 8 13 13 13 25 25 36 36 36 45 45 45 43 43 62 62 62 64 64 72 72 72 90 90 90 90 90 107 107 107 122 122 122 121 121 123 123 123 136 136 128 128 128 145 145 145 151 151 151 151 151 173 173 171 171 171 153 153 153 145 145 140 140 140 121 121  Number = 0

83 83 83 72 72 72 62 62 62 61 61 61 48 48 48 25 25 25 2 2 2 2 2 2 19 19 19 23 23 23 27 27 27 30 30 30 33 33 33 45 45 45 57 57 57 54 54 54 76 76 76 78 78 78 84 84 84 96 96 96 112 112 112 121 121 121 134 134 134 135 135 135 144 144 144 152 152 152 151 151 151 164 164 164 171 171 171 174 174 174 158 158 158 149 149 149 141 141 141 146 146 146 134 134 134 146 146 146 138 138 138 134 134 134 127 127 127 109 109 109 90 90 90 64 64 64 27 27  Number = 0

138 138 138 127 127 127 118 118 124 124 124 111 111 109 109 109 104 104 90 90 90 102 102 90 90 90 68 68 50 50 50 43 43 29 29 29 17 17 9 9 9 0 0 2 2 2 15 15 22 22 22 24 24 33 33 33 37 37 41 41 41 57 57 61 61 61 71 71 77 77 77 90 90 90 90 90 101 101 112 112 112 125 125 125 125 125 126 126 148 148 148 148 148 150 150 150 170 170 177 177 177 177 177 165 165 165 157 157 150 150 150 150 150 141 141 141 153 153 131 131 131 137 137 120 120 120 90 90  Number = 0

170 170 170 160 160 150 150 142 142 142 147 147 136 136 135 135 135 131 131 131 131 123 123 123 123 123 102 102 104 104 104 90 90 76 76 63 63 63 58 58 50 50 38 38 38 41 41 29 29 17 17 17 11 11 4 4 0 0 0 10 10 12 12 29 29 29 35 35 42 42 38 38 38 53 53 48 48 44 44 44 70 70 76 76 90 90 90 120 120 112 112 128 128 128 126 126 138 138 135 135 135 139 139 147 147 150 150 150 154 154 160 160 164 164 164 157 157 148 148 142 142 142 141 141 139 139 138 138  Number = 0

126 126 126 123 123 104 104 104 97 97 90 90 90 90 90 78 78 54 54 54 56 56 37 37 37 32 32 21 21 2 2 2 2 2 12 12 12 13 13 21 21 21 26 26 34 34 30 30 30 44 44 37 37 37 47 47 49 49 45 45 45 60 60 57 57 57 72 72 76 76 76 90 90 90 90 102 102 102 118 118 137 137 137 149 149 154 154 177 177 177 169 169 161 161 161 158 158 156 156 156 154 154 149 149 149 149 149 149 149 143 143 143 145 145 145 145 145 145 145 134 134 132 132 132 82 82 54 54  Number = 0

147 147 147 147 142 142 142 142 142 142 127 127 127 136 136 136 117 117 117 129 129 129 103 103 103 105 105 105 105 90 90 90 90 90 90 68 68 68 50 50 50 37 37 37 27 27 27 22 22 22 16 16 16 16 2 2 2 1 1 1 17 17 17 23 23 23 40 40 40 39 39 39 50 50 50 51 51 51 51 57 57 57 68 68 68 90 90 90 90 90 90 124 124 124 131 131 131 140 140 140 138 138 138 138 144 144 144 152 152 152 150 150 150 173 173 173 150 150 150 140 140 140 136 136 136 128 128 128  Number = 0

115 115 115 115 98 98 98 94 94 94 97 97 97 90 90 90 74 74 74 70 70 70 64 64 64 56 56 56 51 51 51 30 30 30 28 28 28 9 9 9 3 3 3 0 0 0 0 0 0 3 3 3 19 19 19 28 28 28 35 35 35 52 52 52 63 63 63 63 75 75 75 85 85 85 90 90 90 90 90 90 104 104 104 110 110 110 116 116 116 135 135 135 144 144 144 163 163 163 176 176 176 166 166 166 162 162 162 154 154 154 144 144 144 153 153 153 149 149 149 145 145 145 129 129 129 95 95 95  Number = 0

139 139 139 126 126 126 116 116 112 112 112 113 113 113 99 99 90 90 90 90 90 90 78 78 79 79 79 63 63 63 65 65 52 52 52 37 37 37 27 27 22 22 22 8 8 8 10 10 0 0 0 6 6 6 9 9 22 22 22 34 34 34 34 34 43 43 43 50 50 50 61 61 68 68 68 68 68 68 84 84 80 80 80 84 84 84 90 90 113 113 113 123 123 123 125 125 134 134 134 136 136 136 163 163 176 176 176 163 163 163 152 152 150 150 150 152 152 152 134 134 139 139 139 127 127 127 123 123  Number = 0

146 146 146 146 133 133 133 114 114 114 116 116 116 107 107 107 101 101 101 102 102 102 90 90 90 80 80 80 61 61 61 58 58 58 41 41 41 36 36 36 17 17 17 11 11 11 0 0 0 0 0 0 0 0 0 11 11 11 21 21 21 31 31 31 45 45 45 45 63 63 63 77 77 77 77 77 77 90 90 90 90 90 90 102 102 102 102 102 102 107 107 107 131 131 131 137 137 137 153 153 153 171 171 171 177 177 177 168 168 168 151 151 151 146 146 146 151 151 151 140 140 140 151 151 151 126 126 126  Number = 0

132 132 132 114 114 112 112 112 114 114 106 106 98 98 98 100 100 90 90 90 90 90 68 68 67 67 67 51 51 36 36 12 12 12 8 8 0 0 2 2 2 13 13 13 13 13 18 18 17 17 19 19 19 21 21 36 36 42 42 42 67 67 72 72 90 90 90 83 83 90 90 90 90 90 96 96 117 117 117 112 112 128 128 133 133 133 154 154 164 164 164 180 180 180 180 168 168 168 167 167 154 154 154 154 154 148 148 136 136 136 135 135 141 141 126 126 126 117 117 111 111 90 90 90 83 83 42 42  Number = 0

159 159 159 147 147 147 147 147 134 134 134 121 121 121 118 118 104 104 104 103 103 103 104 104 90 90 90 90 90 90 90 90 63 63 63 62 62 62 43 43 42 42 42 32 32 32 25 25 13 13 13 2 2 2 4 4 4 4 4 7 7 7 17 17 25 25 25 27 27 27 42 42 62 62 62 63 63 63 69 69 82 82 82 97 97 97 121 121 137 137 137 130 130 130 135 135 137 137 137 130 130 130 144 144 144 144 144 159 159 159 169 169 174 174 174 162 162 162 152 152 144 144 144 144 144 144 117 117  Number = 0

127 127 127 112 112 109 109 102 102 102 101 101 90 90 90 90 90 90 90 71 71 69 69 69 56 56 52 52 33 33 33 28 28 15 15 10 10 10 5 5 0 0 0 0 0 0 0 10 10 22 22 22 23 23 33 33 39 39 39 52 52 54 54 61 61 61 72 72 84 84 90 90 90 96 96 101 101 96 96 96 95 95 101 101 109 109 109 115 115 140 140 144 144 144 156 156 171 171 180 180 180 177 177 175 175 174 174 174 161 161 154 154 144 144 144 122 122 122 122 118 118 118 109 109 122 122 120 120  Number = 0

111 111 107 107 109 109 109 109 101 101 100 100 100 100 90 90 90 90 90 90 69 69 78 78 60 60 64 64 58 58 46 46 37 37 28 28 21 21 14 14 9 9 2 2 0 0 0 0 7 7 11 11 18 18 28 28 28 28 48 48 52 52 60 60 68 76 76 78 78 84 84 90 90 90 90 97 97 111 111 122 122 117 117 133 133 136 136 136 136 158 158 156 156 165 165 169 169 180 180 169 169 166 166 164 164 159 159 129 129 124 124 124 124 129 129 122 122 111 111 111 111 90 90 90 90 75 75 68  Number = 0

162 162 162 138 138 127 127 122 122 123 123 123 113 113 101 101 99 99 99 99 99 90 90 90 90 68 68 59 59 59 52 52 41 41 41 41 32 32 32 30 30 23 23 17 17 10 10 10 10 10 9 9 4 4 0 0 0 0 0 0 0 14 14 32 32 32 45 45 66 66 76 76 90 90 90 90 90 90 90 107 107 113 113 113 117 117 115 115 120 120 117 117 117 122 122 129 129 138 138 134 134 134 141 141 141 141 147 147 147 147 147 157 157 157 157 154 154 166 166 166 174 174 157 157 141 141 141 141  Number = 0

126 126 126 103 103 103 90 90 90 90 90 90 90 78 78 78 69 69 64 64 64 68 68 55 55 55 51 51 47 47 47 32 32 23 23 23 13 13 13 13 13 11 11 2 2 2 4 4 10 10 10 34 34 41 41 41 43 43 53 53 53 62 62 83 83 83 71 71 76 76 76 77 77 90 90 90 90 90 90 90 90 103 103 109 109 109 121 121 128 128 128 135 135 147 147 147 162 162 168 168 168 174 174 174 174 174 174 174 180 180 180 165 165 168 168 168 165 165 152 152 152 144 144 141 141 141 96 96  Number = 0

113 113 113 113 113 113 113 113 113 97 97 97 97 97 97 97 97 97 73 73 73 73 73 73 73 73 51 51 51 51 51 51 51 51 51 30 30 30 30 30 30 30 30 9 9 9 9 9 9 9 9 9 33 33 33 33 33 33 33 33 51 51 51 51 51 51 51 51 51 81 81 81 81 81 81 81 81 98 98 98 98 98 98 98 98 98 133 133 133 133 133 133 133 133 149 149 149 149 149 149 149 149 149 173 173 173 173 173 173 173 173 157 157 157 157 157 157 157 157 157 144 144 144 144 144 144 144 144  Number = 0

105 105 105 105 105 105 105 105 105 105 105 95 95 95 95 95 79 79 79 79 79 62 62 62 62 62 45 45 45 45 45 25 25 25 25 25 0 0 0 0 0 14 14 14 14 14 14 22 22 22 22 22 22 22 22 22 22 39 39 39 39 39 45 45 45 45 45 54 54 54 54 54 85 85 85 85 85 90 90 90 90 90 105 105 105 105 105 105 134 134 134 134 134 149 149 149 149 149 176 176 176 176 176 157 157 157 157 157 161 161 161 161 161 165 165 165 165 165 157 157 157 157 157 127 127 127 127 127  Number = 0

