14 14 14 14 14 14 14 14 14 14 16 16 16 16 16 16 16 16 16 12 12 12 12 14 14 14 14 14 13 13 13 13 18 18 18 18 18 14 14 14 14 14 24 24 24 24 26 26 26 26 26 80 80 80 80 108 108 108 108 108 106 106 106 106 98 98 98 98 98 105 105 105 105 105 90 90 90 90 109 109 109 109 109 90 90 90 90 90 90 90 90 90 90 90 90 90 90 90 90 90 90 90 90 90 90 90 72 72 72 72 70 70 70 70 70 64 64 64 64 69 69 69 69 69 43 43 43 43  Number = 1

37 37 37 37 37 21 21 21 21 17 17 17 17 16 16 16 16 15 15 15 15 19 19 19 19 16 16 16 16 16 16 16 16 16 21 21 21 21 21 21 21 21 30 30 30 30 23 23 23 23 37 37 37 37 42 42 42 42 114 114 114 114 110 110 110 110 110 100 100 100 100 121 121 121 121 104 104 104 104 104 104 104 104 106 106 106 106 90 90 90 90 106 106 106 106 90 90 90 90 90 90 90 90 90 90 90 90 90 90 90 90 90 90 90 90 90 90 90 90 90 90 90 90 90 90 90 90 90  Number = 1

39 39 39 39 39 23 23 23 23 15 15 15 15 15 20 20 20 20 17 17 17 17 17 22 22 22 22 17 17 17 17 20 20 20 20 20 25 25 25 25 22 22 22 22 22 25 25 25 25 36 36 36 36 102 102 102 102 102 101 101 101 101 110 110 110 110 110 90 90 90 90 90 90 90 90 90 111 111 111 111 90 90 90 90 111 111 111 111 111 90 90 90 90 106 106 106 106 106 90 90 90 90 114 114 114 114 90 90 90 90 90 90 90 90 90 90 90 90 90 90 90 90 90 90 90 90 90 90  Number = 1

23 23 23 23 23 25 25 25 25 18 18 18 18 25 25 25 25 25 17 17 17 17 22 22 22 22 18 18 18 18 17 17 17 17 17 22 22 22 22 22 22 22 22 22 22 22 22 23 23 23 23 23 30 30 30 30 90 90 90 90 90 90 90 90 112 112 112 112 112 90 90 90 90 90 90 90 90 112 112 112 112 112 90 90 90 90 90 90 90 90 106 106 106 106 107 107 107 107 107 90 90 90 90 110 110 110 110 90 90 90 90 90 90 90 90 90 90 90 90 90 90 90 90 90 90 90 90 90  Number = 1

22 22 22 22 20 20 20 20 23 23 23 23 18 18 18 18 21 21 21 20 20 20 20 21 21 21 21 16 16 16 16 23 23 23 16 16 16 16 20 20 20 20 24 24 24 24 20 20 20 20 20 20 20 34 34 34 34 90 90 90 90 112 112 112 90 90 90 90 104 104 104 104 90 90 90 90 90 90 90 90 105 105 105 90 90 90 90 111 111 111 111 90 90 90 90 90 90 90 90 90 90 90 90 90 90 90 90 90 90 90 90 90 90 90 90 90 90 90 90 90 90 90 90 90 90 90 90 90  Number = 1

31 31 31 31 33 33 33 33 25 25 25 28 28 28 28 23 23 23 29 29 29 29 25 25 25 23 23 23 23 28 28 28 23 23 23 23 26 26 26 26 29 29 29 34 34 34 34 29 29 29 26 26 26 26 51 51 51 90 90 90 90 81 81 81 90 90 90 90 68 68 68 68 90 90 90 90 90 90 90 90 90 90 70 70 70 70 90 90 90 90 90 90 90 70 70 70 90 90 90 90 90 90 90 90 90 90 90 90 90 90 90 90 90 90 68 68 68 68 90 90 90 68 68 68 68 90 90 90  Number = 1

16 16 16 16 16 12 12 12 12 13 13 13 13 15 15 15 15 14 14 14 14 15 15 15 15 15 15 15 15 15 15 15 15 15 18 18 18 18 22 22 22 22 27 27 27 27 26 26 26 26 77 77 77 77 113 113 113 113 90 90 90 90 90 90 90 90 90 114 114 114 114 90 90 90 90 90 90 90 90 90 90 90 90 106 106 106 106 90 90 90 90 106 106 106 106 98 98 98 98 98 108 108 108 108 90 90 90 90 90 90 90 90 90 90 90 90 90 90 90 90 90 90 90 90 90 90 90 90  Number = 1

45 45 45 45 28 28 28 28 28 28 28 28 28 28 28 28 28 28 28 28 28 28 28 28 28 22 22 22 22 28 28 28 28 28 28 28 33 33 33 33 24 24 24 28 28 28 28 23 23 23 28 28 28 28 26 26 26 23 23 23 23 34 34 34 90 90 90 90 90 90 90 90 95 95 95 100 100 100 100 104 104 104 102 102 102 102 104 104 104 104 104 104 104 102 102 102 104 104 104 104 104 104 104 104 104 104 104 114 114 114 114 102 102 102 90 90 90 90 102 102 102 90 90 90 90 90 90 90  Number = 1

22 22 22 22 16 16 16 16 16 16 16 24 24 24 18 18 18 16 16 16 16 20 20 20 16 16 16 17 17 17 17 17 17 17 16 16 16 16 18 18 18 18 18 18 22 22 22 22 20 20 20 90 90 90 90 90 90 90 90 90 90 90 90 90 90 90 90 90 90 90 90 90 90 90 90 106 106 106 108 108 108 90 90 90 90 111 111 111 90 90 90 111 111 111 111 111 111 111 90 90 90 90 111 111 111 90 90 90 90 90 90 90 90 90 90 90 90 90 90 90 90 90 90 90 90 79 79 79  Number = 1

28 28 28 28 25 25 25 25 23 23 23 25 25 25 25 19 19 19 19 18 18 18 18 18 18 18 21 21 21 21 18 18 18 21 21 21 21 17 17 17 17 23 23 23 19 19 19 19 21 21 21 21 31 31 31 90 90 90 90 90 90 90 90 90 90 90 90 90 90 90 90 90 90 90 90 90 90 90 90 90 90 107 107 107 107 90 90 90 105 105 105 105 107 107 107 107 90 90 90 110 110 110 110 90 90 90 90 107 107 107 90 90 90 90 90 90 90 90 90 90 90 90 90 90 90 90 90 90  Number = 1

28 28 28 28 19 19 19 19 26 26 26 22 22 22 22 19 19 19 19 23 23 23 19 19 19 19 19 19 19 19 22 22 22 19 19 19 19 17 17 17 17 24 24 24 21 21 21 21 28 28 28 28 48 48 48 90 90 90 90 90 90 90 90 90 90 90 90 90 90 90 107 107 107 107 90 90 90 112 112 112 112 90 90 90 90 112 112 112 90 90 90 90 90 90 90 90 90 90 90 90 90 90 90 90 90 90 90 90 90 90 109 109 109 109 90 90 90 90 90 90 90 90 90 90 90 90 90 90  Number = 1

42 42 42 42 30 30 30 33 33 33 33 31 31 31 26 26 26 31 31 31 31 25 25 25 28 28 28 25 25 25 25 24 24 24 28 28 28 28 29 29 29 25 25 25 25 25 25 25 22 22 22 20 20 20 22 22 22 22 35 35 35 101 101 101 107 107 107 107 107 107 107 104 104 104 104 110 110 110 110 110 110 110 110 110 110 110 110 110 110 110 110 117 117 117 117 120 120 120 106 106 106 106 106 106 106 106 106 106 90 90 90 90 106 106 106 90 90 90 90 90 90 90 90 90 90 58 58 58  Number = 1

27 27 27 27 27 20 20 20 20 20 20 20 20 23 23 23 23 20 20 20 20 20 20 20 20 13 13 13 13 16 16 16 16 16 20 20 20 20 18 18 18 18 22 22 22 22 20 20 20 20 66 66 66 66 90 90 90 90 90 90 90 90 90 90 90 90 90 90 90 90 90 90 90 90 90 67 67 67 67 90 90 90 90 90 90 90 90 90 90 90 90 90 90 90 90 90 90 90 90 90 90 90 90 90 90 90 90 90 71 71 71 71 90 90 90 90 67 67 67 67 90 90 90 90 63 63 63 63  Number = 1

21 21 21 21 16 16 16 16 16 16 16 16 14 14 14 14 16 16 16 16 16 16 16 11 11 11 11 11 11 11 11 16 16 16 16 16 16 16 19 19 19 19 19 19 19 19 128 128 128 141 141 141 141 124 124 124 124 118 118 118 118 118 118 118 116 116 116 116 124 124 124 124 90 90 90 90 113 113 113 113 113 113 113 90 90 90 90 113 113 113 113 113 113 113 113 90 90 90 90 90 90 90 109 109 109 109 90 90 90 90 90 90 90 90 90 90 90 66 66 66 66 61 61 61 61 76 76 76  Number = 1

26 26 26 26 21 21 21 21 26 26 26 26 26 26 26 26 21 21 21 21 28 28 28 28 26 26 26 26 26 26 26 26 21 21 21 22 22 22 22 22 22 22 22 30 30 30 30 31 31 31 31 40 40 40 40 44 44 44 44 57 57 57 57 112 112 112 98 98 98 98 90 90 90 90 90 90 90 90 90 90 90 90 90 90 90 90 90 90 90 90 90 90 90 90 90 90 90 78 78 78 78 90 90 90 90 90 90 90 90 75 75 75 75 90 90 90 90 73 73 73 73 90 90 90 90 81 81 81  Number = 1

19 19 19 19 19 18 18 18 18 20 20 20 20 20 16 16 16 16 18 18 18 18 18 16 16 16 16 14 14 14 14 12 12 12 12 12 18 18 18 18 16 16 16 16 16 24 24 24 24 69 69 69 69 119 119 119 119 119 90 90 90 90 90 90 90 90 90 90 90 90 90 90 90 90 90 90 90 90 90 90 90 90 90 90 90 90 90 90 90 90 90 90 90 90 90 90 90 90 70 70 70 70 90 90 90 90 74 74 74 74 74 90 90 90 90 90 90 90 90 90 72 72 72 72 69 69 69 69  Number = 1

26 26 26 26 26 17 17 17 17 17 17 17 17 17 14 14 14 14 17 17 17 17 17 17 17 17 17 17 17 17 17 17 17 17 17 17 21 21 21 21 29 29 29 29 29 26 26 26 26 37 37 37 37 101 101 101 101 101 110 110 110 110 110 110 110 110 110 109 109 109 109 114 114 114 114 114 107 107 107 107 107 107 107 107 114 114 114 114 114 90 90 90 90 114 114 114 114 114 90 90 90 90 90 90 90 90 90 90 90 90 90 90 90 90 90 51 51 51 51 51 64 64 64 64 45 45 45 45  Number = 1

41 41 41 41 41 22 22 22 22 24 24 24 24 24 18 18 18 18 24 24 24 24 24 18 18 18 18 18 18 18 18 21 21 21 21 21 23 23 23 23 23 23 23 23 23 31 31 31 31 49 49 49 49 90 90 90 90 90 90 90 90 90 90 90 90 90 90 90 90 90 90 90 90 90 90 90 74 74 74 74 90 90 90 90 68 68 68 68 68 73 73 73 73 90 90 90 90 90 68 68 68 68 68 68 68 68 73 73 73 73 73 58 58 58 58 68 68 68 68 68 51 51 51 51 68 68 68 68  Number = 1

21 21 21 21 19 19 19 19 23 23 23 23 18 18 18 18 21 21 21 21 19 19 19 19 23 23 23 23 19 19 19 19 23 23 23 28 28 28 28 23 23 23 23 33 33 33 33 33 33 33 33 35 35 35 35 122 122 122 122 109 109 109 109 116 116 116 110 110 110 110 123 123 123 123 109 109 109 109 109 109 109 109 107 107 107 107 90 90 90 90 107 107 107 107 109 109 109 90 90 90 90 90 90 90 90 90 90 90 90 109 109 109 109 90 90 90 90 101 101 101 101 90 90 90 90 90 90 90  Number = 1

22 22 22 22 20 20 20 22 22 22 22 24 24 24 20 20 20 20 17 17 17 17 17 17 17 19 19 19 15 15 15 15 17 17 17 20 20 20 20 16 16 16 24 24 24 31 31 31 31 37 37 37 47 47 47 47 133 133 133 117 117 117 117 128 128 128 108 108 108 108 126 126 126 122 122 122 122 118 118 118 107 107 107 107 118 118 118 107 107 107 105 105 105 105 107 107 107 105 105 105 105 90 90 90 105 105 105 105 105 105 105 90 90 90 90 90 90 90 90 90 90 90 90 90 90 90 90 90  Number = 1

16 16 16 16 16 18 18 18 18 18 16 16 16 16 16 20 20 20 20 20 20 20 20 20 18 18 18 18 18 22 22 22 22 22 30 30 30 30 31 31 31 31 31 26 26 26 26 26 72 72 72 72 72 106 106 106 106 118 118 118 118 118 103 103 103 103 103 90 90 90 90 90 118 118 118 118 117 117 117 117 117 90 90 90 90 90 90 90 90 90 90 90 90 90 90 117 117 117 117 117 90 90 90 90 90 75 75 75 75 75 57 57 57 57 90 90 90 90 90 90 90 90 90 90 90 90 90 90  Number = 1

17 17 17 17 17 17 17 17 17 17 15 15 15 15 14 14 14 14 14 15 15 15 15 22 22 22 22 22 17 17 17 17 23 23 23 23 23 26 26 26 26 26 26 26 26 26 142 142 142 142 142 134 134 134 134 134 134 134 134 134 109 109 109 109 121 121 121 121 121 124 124 124 124 124 117 117 117 117 106 106 106 106 106 121 121 121 121 90 90 90 90 90 121 121 121 121 90 90 90 90 90 90 90 90 90 90 90 90 90 90 90 90 90 90 90 90 90 90 90 90 90 90 90 90 90 90 90 90  Number = 1

14 14 14 14 14 17 17 17 17 17 16 16 16 16 16 14 14 14 14 17 17 17 17 17 15 15 15 15 15 16 16 16 16 16 17 17 17 17 23 23 23 23 23 32 32 32 32 32 142 142 142 142 142 113 113 113 113 113 113 113 113 113 100 100 100 100 100 90 90 90 90 90 90 90 90 90 90 90 90 90 90 90 90 90 90 90 90 90 90 90 90 90 90 90 90 68 68 68 68 68 90 90 90 90 90 66 66 66 66 66 64 64 64 64 66 66 66 66 66 64 64 64 64 64 64 64 64 64  Number = 1

11 11 11 11 14 14 14 14 14 14 14 14 14 14 14 14 15 15 15 18 18 18 18 14 14 14 14 17 17 17 17 15 15 15 16 16 16 16 23 23 23 23 18 18 18 18 42 42 42 79 79 79 79 151 151 151 151 98 98 98 98 109 109 109 90 90 90 90 98 98 98 98 90 90 90 90 90 90 90 90 90 90 90 90 90 90 90 90 90 90 90 90 90 90 90 90 90 90 90 90 90 90 90 90 90 90 90 90 90 90 73 73 73 90 90 90 90 73 73 73 73 90 90 90 90 79 79 79  Number = 1

13 13 13 13 13 11 11 11 11 11 12 12 12 12 12 9 9 9 9 9 14 14 14 14 14 27 27 27 27 27 36 36 36 36 36 68 68 68 68 68 48 48 48 48 48 90 90 90 90 90 65 65 65 65 65 90 90 90 90 90 90 90 90 90 90 90 90 90 90 121 121 121 121 121 90 90 90 90 90 126 126 126 126 126 126 126 126 126 126 90 90 90 90 90 129 129 129 129 129 90 90 90 90 90 126 126 126 126 126 131 131 131 131 131 131 131 131 131 131 110 110 110 110 110 90 90 90 90  Number = 1

9 9 9 9 9 9 9 9 9 9 9 9 9 9 9 8 8 8 8 8 8 8 9 9 9 9 9 9 9 18 18 18 18 18 18 18 51 51 51 51 51 51 51 142 142 142 142 142 142 142 128 128 128 128 128 128 128 126 126 126 126 126 126 126 124 124 124 124 124 124 124 124 114 114 114 114 114 114 114 104 104 104 104 104 104 104 130 130 130 130 130 130 130 115 115 115 115 115 115 115 115 115 115 115 115 115 115 90 90 90 90 90 90 90 104 104 104 104 104 104 104 90 90 90 90 90 90 90  Number = 1

22 22 22 22 22 22 21 21 21 21 21 21 21 21 21 21 22 22 22 22 22 22 22 22 22 22 27 27 27 27 27 22 22 22 22 22 32 32 32 32 32 34 34 34 34 34 34 27 27 27 27 27 24 24 24 24 24 90 90 90 90 90 76 76 76 76 76 90 90 90 90 90 90 90 90 90 90 90 90 90 90 90 90 90 90 90 90 90 90 90 90 90 90 90 90 90 90 90 90 90 90 90 90 66 66 66 66 66 90 90 90 90 90 90 90 90 90 90 90 90 90 90 90 90 90 90 90 90  Number = 1

