180 180 176 176 173 173 177 177 180 180 174 175 175 180 180 180 180 180 180 180 180 180 180 180 180 180 111 111 90 90 90 90 85 79 79 90 90 81 81 90 90 90 90 90 90 90 95 95 65 65 46 46 35 35 27 11 11 9 9 0 0 0 0 10 19 19 22 22 32 32 25 25 30 30 37 46 46 40 40 49 49 44 44 61 61 73 90 90 130 130 142 142 150 150 152 152 161 163 163 165 165 176 176 180 180 175 175 180 175 175 167 167 170 170 168 168 165 165 175 167 167 173 173 173 173 180 180 142  Number = 5


172 172 172 172 169 169 169 176 176 176 172 172 172 180 180 180 180 180 180 180 180 180 172 172 172 173 173 173 173 180 180 180 133 133 133 105 105 105 94 94 94 95 95 95 100 100 100 90 90 90 90 90 90 90 6 6 6 15 15 15 0 0 0 7 7 7 7 7 7 19 19 19 22 22 22 29 29 29 29 31 31 31 46 46 46 114 114 114 137 137 137 146 146 146 154 154 154 148 148 148 156 156 156 156 159 159 159 158 158 158 163 163 163 164 164 164 180 180 180 180 180 180 180 180 180 176 176 176  Number = 5

168 168 168 168 180 180 180 180 180 180 180 180 180 180 180 180 180 180 180 180 180 180 180 180 180 180 180 180 180 180 83 83 83 83 83 83 83 90 90 90 90 90 90 96 96 96 93 93 93 93 16 16 16 9 9 9 11 11 11 11 0 0 0 0 0 0 10 10 10 28 28 28 28 64 64 64 90 90 90 115 115 115 115 130 130 130 142 142 142 156 156 156 174 174 174 174 170 170 170 175 175 175 180 180 180 180 168 168 168 180 180 180 180 180 180 180 180 180 180 180 180 180 170 170 170 164 164 164  Number = 5

180 180 180 180 180 180 180 180 180 180 180 173 173 173 173 180 180 180 180 176 176 176 172 172 172 172 171 171 171 171 169 169 169 172 172 172 172 114 114 114 114 90 90 90 90 90 90 90 90 90 90 90 3 3 3 10 10 10 10 9 9 9 9 0 0 0 0 0 0 0 10 10 10 10 14 14 14 33 33 33 33 39 39 39 39 46 46 46 68 68 68 68 84 84 84 84 90 90 90 152 152 152 152 163 163 163 163 164 164 164 173 173 173 173 173 173 173 173 180 180 180 180 180 180 180 169 169 169  Number = 5

169 169 169 176 176 176 180 180 180 180 180 180 173 173 177 177 177 180 180 180 172 172 172 173 173 173 166 166 176 176 176 163 163 163 66 66 66 69 69 70 70 70 84 84 84 80 80 80 90 90 90 3 3 13 13 13 9 9 9 6 6 6 0 0 0 0 0 6 6 6 14 14 14 27 27 27 27 27 54 54 54 74 74 74 90 90 90 113 113 113 137 137 149 149 149 154 154 154 151 151 151 161 161 176 176 176 173 173 173 180 180 180 180 180 180 173 173 176 176 176 172 172 172 161 161 161 140 140  Number = 5

175 175 175 175 167 167 167 165 165 165 175 175 175 164 164 164 167 167 167 167 174 174 174 173 173 173 172 172 172 173 173 173 180 180 180 180 71 71 71 71 71 71 85 85 85 90 90 90 90 90 90 90 104 104 104 107 107 107 33 33 33 24 24 24 3 3 3 3 0 0 0 0 0 0 21 21 21 21 21 21 39 39 39 39 61 61 61 85 85 85 114 114 114 128 128 128 148 148 148 148 153 153 153 158 158 158 168 168 168 167 167 167 171 171 171 171 180 180 180 180 180 180 180 180 180 180 180 180  Number = 5


176 176 176 176 176 176 176 176 176 176 176 176 176 176 173 173 173 173 173 172 172 172 172 174 174 174 174 174 177 177 177 177 180 180 180 180 180 140 140 140 140 140 74 74 74 74 84 84 84 84 84 74 74 74 74 76 76 76 76 76 63 63 63 63 22 22 22 22 22 10 10 10 10 10 3 3 3 3 3 3 3 3 3 20 20 20 20 36 36 36 36 36 48 48 48 48 69 69 69 69 69 90 90 90 90 90 169 169 169 169 180 180 180 180 180 180 180 180 180 180 180 180 180 180 180 180 180 180  Number = 5

169 169 169 169 169 169 169 180 180 180 180 180 180 180 180 180 180 180 180 180 180 180 180 180 180 134 134 134 134 134 134 79 79 79 79 79 79 90 90 90 90 90 90 90 90 90 90 90 90 14 14 14 14 14 14 0 0 0 0 0 0 0 0 0 0 0 0 0 18 18 18 18 18 18 52 52 52 52 52 52 105 105 105 105 105 105 146 146 146 146 146 146 157 157 157 157 157 157 176 176 176 176 176 176 180 180 180 180 180 180 180 180 180 180 180 180 176 176 176 176 176 176 152 152 152 152 152 152  Number = 5

173 173 173 173 173 180 180 180 180 177 177 177 177 172 172 172 172 172 173 173 173 173 172 172 172 172 169 169 169 169 176 176 176 176 176 53 53 53 53 65 65 65 65 77 77 77 77 90 90 90 90 90 95 95 95 95 96 96 96 96 14 14 14 14 11 11 11 11 11 0 0 0 0 6 6 6 6 9 9 9 9 9 11 11 11 11 28 28 28 28 53 53 53 53 121 121 121 121 121 151 151 151 151 156 156 156 156 168 168 168 168 174 174 174 174 174 174 174 174 174 180 180 180 180 180 180 180 180  Number = 5

160 160 176 176 176 176 172 172 180 180 180 173 173 180 180 180 180 180 180 174 174 180 172 172 167 167 172 172 180 180 104 104 81 85 85 79 79 80 80 85 85 83 83 81 80 80 81 81 80 80 19 19 29 29 30 19 19 19 19 15 15 3 3 6 0 0 11 11 3 3 15 15 15 15 16 18 18 25 25 41 41 66 66 71 71 84 95 95 126 126 135 135 158 158 156 156 158 160 160 170 170 161 161 173 173 180 180 173 180 180 174 174 180 180 174 174 172 172 180 180 180 180 180 180 180 168 168 119  Number = 5

180 180 175 171 171 169 180 170 170 171 171 171 180 171 172 172 180 171 171 180 171 180 180 171 180 180 180 180 180 180 160 155 146 146 129 56 56 67 76 79 79 90 90 90 90 90 90 90 86 10 10 27 20 15 15 25 12 12 13 15 6 6 0 9 0 0 0 0 0 0 0 0 0 0 7 7 0 15 9 9 19 19 19 33 50 86 86 90 103 103 120 129 139 139 144 139 148 148 148 148 148 157 160 170 170 160 180 180 171 180 180 180 180 180 180 180 173 180 180 172 172 172 172 173 180 180 169 0  Number = 5

150 150 150 175 175 175 180 180 170 170 170 180 180 176 176 176 163 163 172 172 172 163 163 163 172 172 170 170 170 170 170 172 172 172 180 180 155 155 155 82 82 69 69 69 60 60 60 65 65 41 41 41 9 9 9 9 9 4 4 3 3 3 0 0 3 3 3 13 13 13 9 9 21 21 21 11 11 29 29 29 42 42 51 51 51 69 69 69 82 82 117 117 117 140 140 149 149 149 158 158 166 166 166 170 170 172 172 172 180 180 180 180 180 180 180 180 170 170 170 170 170 163 163 165 165 165 155 155  Number = 5

173 173 173 173 173 174 174 174 174 173 173 174 174 180 180 174 174 174 180 180 174 174 180 180 180 180 180 180 174 174 156 156 56 56 56 58 58 62 62 73 73 62 62 72 72 70 70 80 80 80 78 78 80 80 77 77 90 90 90 90 95 95 22 22 22 22 22 16 16 13 13 9 9 4 4 4 4 0 0 0 0 0 5 5 5 5 12 12 19 19 42 42 77 77 121 121 132 132 132 143 143 139 139 151 151 155 155 167 167 172 172 174 174 174 180 180 180 180 180 180 180 180 180 180 180 180 121 121  Number = 5

176 176 176 176 180 180 180 180 180 180 180 180 180 180 180 180 180 180 180 176 176 176 176 173 173 173 173 69 69 69 69 59 59 59 68 68 68 68 84 84 84 84 79 79 79 79 7 7 7 7 7 7 7 6 6 6 6 7 7 7 7 14 14 14 40 40 40 40 68 68 68 68 90 90 90 90 111 111 111 111 127 127 127 137 137 137 137 136 136 136 136 152 152 152 152 160 160 160 169 169 169 169 172 172 172 172 180 180 180 180 174 174 174 176 176 176 176 173 173 173 173 172 172 172 172 127 127 127  Number = 5

151 151 151 170 170 176 176 176 173 173 176 176 176 180 180 180 180 180 180 180 180 180 180 154 154 51 51 51 60 60 55 55 64 64 64 84 84 90 90 90 90 90 90 90 90 100 100 106 106 106 114 114 51 51 51 31 31 17 17 17 11 11 5 5 0 0 0 0 0 0 0 0 12 12 13 13 13 24 24 36 36 36 51 51 73 73 73 90 90 126 126 126 137 137 146 146 166 166 166 167 167 172 172 172 180 180 177 177 177 180 180 177 177 177 180 180 174 174 174 180 180 174 174 174 180 180 180 180  Number = 5

176 176 176 180 180 180 180 180 180 180 180 175 175 175 175 175 175 175 175 168 168 168 171 171 171 171 171 171 171 171 171 171 174 174 174 96 96 96 50 50 52 52 52 50 50 50 59 59 71 71 71 84 84 84 90 90 113 113 113 125 125 125 29 29 24 24 24 10 10 10 0 0 0 0 0 13 13 13 13 13 14 14 14 26 26 26 25 25 34 34 34 52 52 52 61 61 74 74 74 95 95 95 107 107 132 132 132 153 153 153 168 168 180 180 180 174 174 174 180 180 180 180 180 180 180 180 176 176  Number = 5

